5,5,5,5,5,5,5,25,25,25,25,25,25,25,32,32,32,32,32,32,32,39,39,39,39,39,39,39,40,40,40,40,40,40,40
131,131,130,132,126,127,131,121,123,121,123,123,123,120,39,37,38,38,38,38,38,84,76,75,76,90,92,91,122,128,127,126,128,125,128
133,131,129,132,127,128,132,121,122,121,123,124,122,121,39,37,54,37,38,38,39,86,77,76,74,90,92,91,122,128,127,126,128,124,128
134,131,129,134,128,125,134,121,123,120,123,117,123,121,40,83,125,74,40,38,40,79,75,75,65,91,93,91,122,127,126,125,128,123,128
135,130,129,135,120,108,133,121,122,121,124,103,124,123,56,129,133,109,71,39,39,62,66,63,40,92,91,85,120,129,127,132,129,126,126
123,130,130,129,106,93,130,122,105,116,124,81,125,120,119,118,119,111,137,39,47,41,43,54,29,88,62,52,123,125,121,118,126,113,123
115,130,124,111,83,91,128,122,71,94,121,67,119,103,145,126,125,111,137,65,85,26,24,48,30,68,41,36,114,113,90,110,112,94,112
116,121,122,114,96,90,126,106,54,68,117,60,99,75,126,114,120,122,125,121,127,30,24,47,38,45,42,37,103,95,73,108,88,87,101
115,111,115,119,117,104,132,79,49,49,118,61,71,50,128,120,126,130,116,130,149,41,24,49,47,26,46,30,110,89,67,106,80,77,95
127,113,99,130,140,112,139,52,40,40,120,61,48,43,105,105,111,113,104,127,164,47,26,43,40,40,60,27,107,85,63,98,75,72,91
127,112,100,133,141,107,136,52,56,40,124,64,52,50,114,111,135,111,121,120,146,46,26,43,34,57,70,33,107,86,58,89,77,88,88
120,111,105,124,133,98,129,92,101,46,122,111,94,83,105,143,156,135,117,116,135,45,28,40,33,57,74,32,112,86,70,96,79,99,86
117,104,105,118,117,92,130,140,153,78,118,128,138,137,101,137,161,174,127,108,144,41,33,40,39,50,75,33,108,84,78,111,81,110,84
114,112,103,118,115,94,126,161,162,140,118,129,161,159,114,134,169,171,123,105,126,42,41,40,44,44,84,39,105,83,82,110,82,111,83
116,113,101,118,105,86,123,168,149,168,118,141,166,174,97,130,144,153,139,107,114,43,44,50,43,38,105,39,103,81,82,108,111,110,81
114,130,125,119,104,119,126,169,162,174,126,153,170,179,96,78,120,132,122,96,120,48,44,55,38,43,114,43,102,84,79,104,84,108,79
141,162,106,130,115,129,126,180,177,168,136,163,178,184,101,63,111,103,86,98,114,53,46,54,35,44,116,46,102,85,85,105,112,89,77
151,160,138,138,119,116,131,157,179,174,119,164,175,165,76,54,94,81,99,93,119,62,54,54,39,51,117,43,100,80,82,105,126,103,77
136,149,162,127,113,106,129,99,143,132,111,162,128,101,57,62,106,89,76,105,134,61,54,55,47,73,99,46,99,79,77,103,109,105,76
127,124,141,120,102,95,123,95,110,94,111,153,110,94,66,60,95,70,89,117,146,59,49,55,50,81,87,31,98,78,78,101,91,101,76
118,116,117,118,94,93,118,95,111,95,110,144,111,94,98,74,55,88,79,135,132,59,50,56,50,79,91,40,97,77,78,101,77,100,77
116,116,114,116,93,92,116,94,110,94,109,137,111,94,129,125,106,77,88,119,110,60,50,57,52,78,85,53,96,76,75,100,76,100,76
115,115,114,115,91,92,116,96,109,93,109,124,110,96,108,101,87,118,110,107,107,62,51,61,54,77,79,73,95,76,74,98,76,99,75
114,113,113,114,91,91,114,102,112,98,112,107,110,99,98,56,38,122,70,78,91,63,53,64,55,76,77,76,93,78,74,97,75,98,75
112,111,111,112,89,88,112,115,107,94,103,98,106,115,59,37,37,80,40,36,53,83,49,64,58,72,77,77,92,81,75,97,74,97,73
110,109,110,110,86,85,110,123,123,99,96,125,88,127,36,37,36,42,36,36,37,180,122,61,61,110,72,153,92,84,78,96,73,95,72
108,106,107,107,84,83,107,119,131,116,114,127,101,123,37,36,35,36,36,37,38,193,191,103,143,199,142,197,90,85,83,94,71,94,72
105,103,104,104,82,87,105,119,126,122,119,116,116,119,37,37,35,36,34,36,37,193,190,184,188,198,199,198,88,87,90,91,74,92,71
106,113,103,115,90,93,108,121,110,125,117,111,117,119,38,36,47,35,34,35,36,194,190,188,183,200,197,203,85,89,97,91,85,91,69
131,131,129,132,127,128,132,121,123,121,124,125,123,121,39,41,62,46,38,37,39,83,75,75,64,90,92,90,122,128,127,126,128,124,128
135,133,129,132,125,129,134,121,123,121,124,116,123,121,37,91,124,92,40,38,40,66,60,63,53,91,89,90,123,128,126,126,127,124,128
139,134,132,135,118,119,134,121,118,121,123,87,124,119,59,133,156,119,71,38,39,43,39,46,38,92,78,84,121,127,128,133,127,128,127
133,129,134,135,116,108,132,121,88,94,113,82,119,100,130,123,125,128,121,39,48,32,31,36,31,81,59,62,127,115,121,163,114,112,120
120,103,133,127,111,96,112,106,65,64,95,83,93,70,146,136,146,131,138,85,90,29,25,32,37,51,38,41,120,96,93,138,101,101,110
114,98,108,118,115,117,117,72,59,58,75,104,72,64,124,136,131,136,114,138,116,45,22,39,37,34,51,49,83,84,85,106,88,98,99
144,98,94,142,143,144,154,55,58,66,66,132,58,60,126,134,137,130,116,133,135,68,25,57,45,27,59,40,71,64,74,94,63,85,89
169,114,98,169,160,156,173,42,52,61,63,159,48,56,105,132,150,142,121,118,146,75,27,71,64,52,77,28,56,49,44,100,48,57,81
175,127,110,176,160,154,173,40,48,53,54,172,48,52,120,146,177,159,127,103,136,57,28,74,83,73,101,45,44,46,34,105,53,35,73
172,126,121,173,156,151,170,41,46,47,62,180,44,39,116,178,195,177,121,113,120,44,31,59,83,64,112,62,42,52,33,110,55,38,70
160,123,120,166,154,140,168,33,48,35,111,168,36,31,123,193,198,191,152,109,125,41,33,62,78,33,93,72,57,60,35,125,49,44,81
157,122,114,161,154,137,159,89,112,37,146,138,101,88,142,191,199,194,174,115,98,43,33,70,84,27,80,65,83,70,43,118,44,53,86
144,110,109,143,143,131,117,127,128,98,154,120,135,117,136,191,201,193,187,126,84,43,36,84,94,39,72,54,102,77,58,96,56,66,86
121,104,101,118,96,105,103,154,123,115,160,131,131,144,142,188,202,192,194,118,103,41,37,85,92,52,114,45,106,102,66,90,79,91,93
129,137,96,124,79,113,119,172,164,157,166,180,167,156,136,182,200,194,196,117,91,39,39,81,85,54,143,38,108,95,108,122,87,128,102
169,134,128,165,110,151,167,172,173,171,171,186,173,149,92,178,191,195,191,87,77,38,46,76,81,54,153,36,90,99,91,148,90,76,114
177,164,158,177,160,161,178,160,178,173,152,184,170,139,94,145,172,186,183,64,74,41,34,66,71,47,147,36,97,114,112,160,82,114,116
169,192,143,169,163,147,170,112,144,153,139,183,136,117,78,144,160,182,156,55,75,48,41,60,63,49,116,72,100,94,110,156,119,127,106
159,168,178,150,151,127,148,101,111,99,137,166,114,111,80,145,157,160,118,72,91,54,44,58,63,69,93,73,97,79,83,129,134,120,87
129,116,166,120,121,102,119,97,111,93,135,142,112,105,85,106,57,156,107,90,104,56,45,52,58,79,94,27,97,75,73,102,102,106,78
117,115,118,115,96,94,115,96,113,93,129,138,110,98,80,47,60,153,35,109,111,56,48,51,49,77,106,33,97,76,75,98,74,99,74
115,114,112,114,92,91,114,94,110,95,120,140,111,93,109,110,88,92,87,110,97,57,48,53,47,77,102,43,96,75,74,98,76,99,73
112,112,112,112,89,88,113,88,78,96,104,131,107,81,109,57,33,93,73,87,88,56,47,55,51,77,87,56,94,74,74,99,75,99,74
111,110,110,111,87,87,112,99,70,111,91,107,92,82,71,35,31,93,32,48,61,97,56,56,51,72,77,125,93,74,73,96,73,97,74
109,108,108,109,85,84,110,113,84,124,102,83,104,96,41,36,32,43,31,37,38,190,158,56,64,134,73,197,91,75,73,96,72,95,72
106,105,105,105,83,83,107,124,96,124,115,102,121,116,37,35,33,41,31,37,36,194,187,139,162,202,155,198,89,77,75,94,72,95,71
103,105,103,107,86,93,104,120,119,117,127,126,131,125,37,34,31,36,30,36,34,195,191,187,186,200,203,196,88,78,80,94,67,92,71
111,115,111,119,97,89,113,113,135,115,127,128,122,117,36,35,52,36,32,35,32,197,193,182,188,202,200,196,87,77,84,88,62,91,77
131,130,129,131,125,125,131,121,123,120,124,122,123,121,39,90,113,97,36,39,39,53,51,51,59,90,87,91,122,128,127,125,127,124,128
133,136,128,130,111,120,133,121,121,123,116,91,124,122,69,144,140,125,77,38,39,37,32,44,45,88,65,87,122,128,126,135,127,127,128
129,137,133,131,120,117,138,120,99,105,93,71,109,95,126,129,135,133,112,42,42,37,35,47,41,70,65,83,126,125,135,162,122,148,139
134,134,137,132,136,116,131,87,72,72,86,77,79,68,144,152,145,137,142,88,93,31,30,48,49,44,43,62,137,103,125,170,112,130,132
136,127,141,131,123,126,132,61,65,77,84,141,74,80,118,136,134,127,119,139,100,54,26,67,50,39,57,58,106,103,111,144,108,123,110
165,129,136,154,127,152,161,70,68,84,82,186,86,84,121,141,137,132,130,122,115,70,40,94,66,33,73,57,103,92,104,121,94,116,90
182,163,131,180,152,165,183,77,61,87,84,196,85,88,124,168,178,177,120,117,138,66,55,110,96,58,87,35,89,78,87,138,87,101,92
183,174,161,183,172,169,185,72,51,90,99,195,80,82,136,199,206,197,132,120,127,68,67,111,110,78,109,46,56,57,66,157,93,95,100
182,167,171,183,177,167,179,64,49,81,105,195,71,79,127,202,205,195,150,124,120,68,69,90,104,63,138,82,32,54,45,163,94,76,109
180,156,166,178,169,163,180,52,44,72,114,197,54,77,143,198,196,198,187,119,110,70,57,73,80,80,134,88,29,55,46,171,93,70,125
179,149,155,179,173,163,185,41,34,60,133,170,43,87,174,197,197,198,204,140,98,75,46,72,75,106,88,75,32,47,45,185,92,65,107
178,150,146,177,178,163,165,67,74,65,148,125,75,113,189,198,197,197,203,168,95,83,39,80,83,112,66,43,34,38,38,129,97,55,105
135,154,146,129,153,136,106,121,136,99,155,94,135,140,195,200,199,196,201,176,110,81,35,115,107,116,71,37,44,43,31,80,107,43,97
101,156,140,98,86,84,83,144,163,130,171,123,155,149,199,203,203,201,202,182,102,78,35,127,123,119,110,43,58,68,36,102,120,50,112
98,152,126,100,74,83,110,144,177,142,182,162,162,151,199,203,201,204,199,181,94,81,29,128,120,116,129,48,126,83,88,128,139,72,144
154,154,118,152,118,134,147,137,167,136,180,187,153,153,196,201,195,201,195,168,97,82,52,120,113,114,155,49,77,79,100,152,142,81,166
184,160,130,182,150,177,180,136,161,131,180,191,150,156,190,196,190,197,190,172,102,78,68,99,103,112,153,65,111,90,107,181,132,76,172
182,163,161,179,178,175,174,133,150,126,177,179,144,151,179,186,183,191,189,156,97,56,38,84,89,103,127,86,122,118,126,180,127,92,161
168,164,183,157,170,161,143,129,143,120,170,145,142,142,147,179,176,187,184,119,90,52,30,90,97,102,95,93,109,120,133,151,121,150,134
141,118,193,126,143,127,121,122,135,114,161,135,136,141,127,163,167,183,160,104,107,52,37,86,93,103,92,63,97,91,108,114,111,150,119
129,113,135,126,116,109,134,110,124,105,159,132,123,135,105,111,143,181,96,74,107,53,42,73,82,91,101,42,96,74,75,117,83,113,106
128,112,110,125,113,106,134,101,123,93,155,109,114,114,32,106,110,139,72,81,85,55,43,57,61,78,97,31,96,75,74,107,77,98,85
119,111,110,114,100,94,117,108,125,81,128,123,104,106,103,60,72,92,64,98,88,53,44,50,47,76,95,27,95,75,73,94,73,99,76
110,108,108,109,86,85,109,117,131,82,108,129,96,113,74,37,72,91,46,47,47,129,96,50,46,81,92,52,93,73,73,95,73,98,70
108,106,105,106,83,82,108,119,135,91,115,111,98,117,35,40,57,30,59,35,26,183,173,68,71,180,89,110,92,72,72,95,70,96,70
105,103,103,103,83,81,105,117,127,108,113,96,97,114,35,38,47,26,57,34,31,187,176,160,158,199,182,156,91,71,71,96,69,94,71
104,106,101,100,75,82,106,129,111,127,106,93,105,120,35,36,56,29,70,32,40,191,181,177,178,198,203,177,88,76,73,94,47,96,58
115,113,89,100,76,84,115,99,110,122,114,95,126,122,33,38,110,27,98,31,56,194,186,182,185,199,201,195,85,89,77,101,32,100,42
127,130,128,129,119,113,124,121,120,122,123,91,124,122,73,133,111,116,61,36,38,50,42,50,44,89,80,90,123,127,127,127,127,122,127
128,136,128,120,111,121,140,123,114,108,94,69,121,113,117,129,141,116,110,46,37,49,42,63,47,83,73,83,121,132,126,162,129,142,136
147,140,133,146,133,133,158,104,92,77,80,67,96,77,147,140,131,117,117,94,83,40,40,68,63,54,57,80,148,143,147,157,150,178,146
143,144,136,154,143,132,140,76,82,73,84,96,91,74,125,119,120,104,131,139,100,53,26,95,66,54,70,73,161,136,156,145,146,169,124
139,134,141,139,133,128,143,81,81,66,115,168,87,71,146,130,114,144,134,125,95,73,48,117,86,45,96,76,140,119,130,158,121,153,98
166,172,122,156,131,147,171,81,86,82,149,196,88,99,128,188,179,197,127,131,127,57,73,124,111,55,95,51,127,104,115,160,113,129,107
184,178,163,183,154,173,189,95,79,114,171,196,104,125,135,211,210,198,132,121,119,59,78,122,121,77,120,46,108,102,103,166,126,121,134
189,175,178,191,181,182,190,104,73,129,182,196,107,137,151,204,207,187,174,133,113,90,73,122,120,61,142,96,89,109,104,180,135,139,149
187,173,174,187,185,180,182,103,67,132,188,198,113,146,188,200,201,203,207,154,99,112,53,88,103,72,156,118,62,106,101,177,139,140,159
185,165,167,184,175,173,185,105,52,132,191,198,114,151,205,199,200,205,206,184,99,112,46,84,79,103,149,105,55,98,90,185,141,133,174
190,155,157,191,179,182,193,118,46,134,164,178,130,157,205,198,187,205,200,200,115,112,49,66,82,127,90,98,54,93,77,192,140,126,121
184,154,153,184,189,183,175,141,89,143,141,117,155,156,202,196,192,192,200,202,128,116,54,84,72,116,57,109,43,91,65,139,122,123,103
127,157,153,125,168,143,112,155,164,149,110,76,169,141,202,194,188,194,200,202,128,117,54,117,113,110,58,121,32,94,59,69,118,123,123
81,153,160,79,93,72,64,161,174,155,154,105,175,147,204,205,203,201,203,205,125,113,50,132,131,121,95,121,38,98,62,77,119,129,136
99,166,165,95,53,88,94,165,169,159,188,148,175,173,203,208,204,209,205,204,138,111,58,139,137,138,118,116,69,108,60,123,149,134,155
139,183,163,139,117,134,145,169,164,162,189,191,174,182,199,206,203,206,200,202,140,106,68,130,133,131,148,110,86,106,69,150,169,142,178
177,173,158,179,156,171,179,170,162,160,190,190,173,181,194,200,194,201,193,196,128,102,80,113,116,128,145,116,77,85,69,187,171,139,180
187,164,149,178,178,185,156,163,156,156,184,166,170,173,190,188,185,196,185,193,120,106,71,100,99,115,125,115,93,109,75,174,161,131,174
164,149,142,138,160,170,126,150,154,148,159,158,165,156,191,182,176,194,183,184,104,102,36,98,100,104,98,112,139,129,132,138,139,140,160
132,134,149,121,126,139,132,149,151,138,137,159,161,151,182,183,174,193,185,170,92,86,31,96,100,108,119,113,130,124,154,137,122,147,147
133,128,122,135,114,129,123,144,138,136,133,135,157,161,139,187,176,193,187,114,70,59,26,99,99,105,100,107,97,76,114,125,112,138,156
147,119,109,150,123,138,149,123,122,122,121,117,142,148,72,181,175,196,167,58,46,40,22,83,88,98,82,94,96,75,72,143,99,97,148
140,116,114,133,143,125,150,108,116,106,134,128,126,117,70,159,165,188,109,81,90,76,34,63,69,86,107,90,95,74,74,130,86,99,119
121,121,119,113,111,96,125,109,126,110,133,153,125,104,68,148,164,150,103,37,69,154,111,44,48,147,105,95,94,74,73,113,79,98,103
107,117,118,123,90,95,108,122,130,116,119,155,132,105,38,153,165,87,146,41,91,176,163,88,101,187,123,112,92,72,72,103,87,96,80
109,118,118,132,100,99,110,132,135,111,116,125,137,120,43,148,151,110,153,43,122,185,173,156,153,182,181,125,92,72,70,60,88,96,72
110,105,115,129,94,96,108,128,128,113,118,95,121,125,40,138,148,115,150,46,140,191,181,168,171,188,190,134,97,68,75,38,82,76,56
108,105,103,130,101,106,104,114,113,114,108,86,102,123,44,135,141,103,146,60,152,194,188,181,183,194,194,150,99,69,86,65,90,47,48
122,129,128,128,121,109,131,122,117,114,99,85,122,115,110,131,109,107,102,43,37,62,52,56,47,87,87,90,122,127,127,133,126,125,130
129,134,125,135,127,119,152,110,110,83,76,62,103,77,128,124,130,97,97,92,59,50,49,76,63,84,68,71,126,139,123,153,138,148,141
160,141,130,154,136,141,142,80,103,58,71,62,90,61,130,91,111,78,122,125,110,53,34,109,75,77,72,66,160,165,145,114,159,183,131
153,139,141,148,128,145,140,72,95,64,114,109,74,62,143,102,80,139,115,124,94,73,47,132,101,67,95,70,185,161,163,121,156,188,121
147,145,135,144,131,134,148,64,89,82,180,176,84,101,126,185,157,197,119,138,107,61,90,135,123,50,104,73,160,133,152,161,138,176,129
166,180,138,156,142,148,161,98,84,132,194,196,125,154,129,208,207,195,112,121,117,66,88,131,131,80,125,51,137,126,123,177,140,144,158
190,184,177,185,151,178,189,136,100,163,195,196,153,169,175,202,208,168,171,141,87,99,74,132,128,77,155,77,121,137,127,175,149,147,174
195,187,178,196,184,191,194,152,99,167,194,197,168,175,208,182,192,191,207,187,98,118,86,128,129,79,157,118,126,138,144,169,155,152,174
190,186,177,190,191,187,184,162,94,171,196,198,176,180,209,200,189,199,204,208,98,121,103,87,103,108,154,100,128,138,144,177,161,152,181
187,181,174,184,181,178,183,166,89,172,193,198,179,181,202,186,179,205,200,205,119,104,109,71,81,132,161,78,112,138,134,195,170,161,191
196,173,164,193,178,187,192,168,107,171,147,189,182,184,202,194,184,158,199,203,135,103,108,54,76,135,112,107,99,137,127,195,155,161,145
190,174,154,189,189,194,182,167,154,170,117,135,176,171,202,155,159,174,192,202,155,111,107,84,69,102,60,136,88,127,122,162,126,159,88
131,157,154,132,179,160,134,152,178,156,96,83,164,139,202,197,180,198,189,201,168,131,102,116,114,79,34,133,84,113,123,77,125,156,108
72,124,158,74,117,76,74,146,181,135,146,92,168,117,205,197,198,195,191,203,187,132,97,128,134,102,76,132,92,117,126,56,119,129,127
73,136,158,78,60,67,91,171,179,149,170,147,184,158,207,203,197,203,202,206,201,128,99,125,140,148,121,134,91,136,130,112,154,110,163
134,186,171,140,106,137,150,187,173,179,191,189,189,193,204,209,204,207,204,204,204,123,99,117,136,154,143,130,94,154,134,166,181,123,183
178,188,178,178,143,171,161,186,171,182,190,187,187,190,199,200,198,204,197,198,188,105,96,108,121,149,125,123,88,154,118,183,185,161,178
174,182,164,155,144,177,149,178,165,178,166,191,180,189,192,178,180,196,186,192,167,107,93,105,111,119,122,118,111,136,103,159,182,171,159
142,160,153,132,124,149,123,162,160,164,140,191,175,168,187,165,165,193,180,189,159,111,93,107,107,98,123,111,160,113,113,147,167,164,164
145,131,141,144,115,130,141,152,160,149,149,143,169,130,185,170,165,196,182,190,149,109,83,83,100,107,110,113,155,106,128,172,151,143,138
130,133,133,114,118,112,116,159,157,150,130,120,169,125,190,173,167,192,184,192,116,101,67,88,99,114,114,113,115,86,126,122,152,125,113
122,137,125,133,87,104,100,148,143,152,107,118,164,144,187,168,160,185,183,179,79,82,59,97,96,104,69,104,94,77,72,116,134,112,154
161,126,123,162,131,153,159,121,127,130,134,125,146,140,158,165,155,182,171,135,71,87,65,93,86,100,105,102,95,73,73,160,118,97,155
153,130,140,146,155,145,161,107,118,105,161,143,124,118,99,160,147,177,144,80,66,102,78,83,83,118,110,107,94,73,72,159,113,94,166
136,149,152,129,131,122,150,97,122,98,157,163,113,104,109,147,141,152,148,123,119,117,102,106,91,121,99,111,93,71,71,163,99,101,153
128,152,150,134,114,114,138,111,128,106,124,161,121,94,145,163,157,158,155,147,161,132,117,138,96,127,123,116,89,68,70,122,102,95,104
138,155,153,149,119,123,138,127,130,112,101,112,127,108,144,160,158,167,152,148,159,144,126,151,116,130,141,127,59,47,60,101,107,63,96
145,155,156,154,126,128,149,131,123,118,101,84,119,125,142,157,152,162,147,148,151,160,142,169,134,140,139,131,76,47,47,126,108,62,109
134,127,127,135,123,123,142,118,107,109,74,78,111,101,102,132,123,83,100,84,42,48,47,51,42,77,60,82,123,126,124,125,126,125,132
149,140,127,143,127,133,132,90,91,81,67,73,78,64,123,87,122,45,96,106,96,54,44,98,68,74,59,52,122,129,113,107,132,134,116
142,145,143,132,118,138,116,60,90,58,80,73,73,58,115,60,74,110,116,115,101,73,51,126,107,65,57,42,150,145,132,88,136,157,103
138,139,140,121,107,137,124,64,64,73,132,120,88,81,108,153,102,181,107,111,90,75,78,131,132,57,73,57,180,143,156,106,125,162,132
147,160,142,142,113,138,158,89,74,93,187,183,137,111,114,201,182,193,90,101,112,80,82,130,142,77,112,66,181,151,144,146,139,164,160
157,184,168,156,151,149,172,143,100,145,197,198,180,176,177,204,204,186,150,133,90,110,56,132,137,91,145,71,150,155,141,165,163,176,175
186,188,184,180,172,168,193,177,124,187,197,196,187,190,208,199,204,162,200,192,92,129,60,136,135,90,155,113,142,153,147,186,167,164,187
199,189,187,199,193,194,198,180,136,189,198,196,191,193,205,167,181,179,202,204,97,133,95,128,134,110,146,104,159,154,147,197,168,164,191
191,188,188,192,196,192,185,185,144,190,198,199,191,193,197,167,153,188,186,191,119,122,116,104,102,135,148,74,158,160,147,191,172,165,194
184,184,185,184,184,183,187,185,153,188,196,199,192,193,205,179,150,168,192,201,138,94,112,64,71,150,157,81,156,162,150,199,184,170,196
194,182,180,192,185,185,192,187,173,188,148,189,193,192,193,144,168,97,174,195,176,90,112,63,63,131,133,112,149,166,148,196,160,167,177
193,184,171,190,191,194,184,185,181,188,100,170,179,160,193,119,94,174,182,193,196,103,116,91,71,92,91,132,146,137,143,171,115,178,105
148,146,169,151,186,176,154,151,180,159,80,143,153,133,187,189,164,192,170,190,202,138,119,108,111,62,54,125,141,119,127,123,136,169,90
93,101,146,98,149,106,140,124,183,133,118,147,131,101,195,189,185,187,188,193,207,149,114,112,132,97,86,120,146,103,118,80,133,115,139
88,113,129,99,111,72,165,146,183,115,164,183,173,150,202,191,187,192,189,199,209,150,111,117,132,140,133,132,152,126,128,122,160,82,158
142,161,164,151,134,124,180,194,183,179,196,197,195,187,207,193,189,195,200,206,204,137,107,120,127,161,141,137,159,161,150,167,190,104,160
167,192,190,162,150,151,184,193,181,191,186,196,188,196,203,175,184,188,200,202,195,112,102,100,119,158,153,130,153,173,160,168,192,153,158
158,188,184,151,155,144,175,191,178,187,165,193,187,189,195,140,160,172,188,192,189,106,104,75,115,126,153,122,131,171,145,173,189,174,116
132,161,176,119,151,126,126,171,175,181,167,176,179,158,186,114,134,174,174,186,185,114,104,87,113,102,134,115,115,150,114,125,178,182,134
142,128,147,143,95,111,116,128,169,157,151,129,166,116,181,138,129,184,176,187,184,115,97,73,94,108,96,116,129,119,99,126,167,165,153
149,136,128,120,116,126,122,116,166,140,131,91,152,104,181,149,150,178,181,190,179,104,89,65,83,108,80,112,120,105,98,133,164,132,82
85,146,134,91,97,86,103,139,159,152,116,93,149,99,182,149,147,173,178,191,166,98,84,101,101,101,76,104,91,90,77,64,174,118,130
145,136,127,157,100,126,137,139,147,151,137,99,149,138,184,157,142,176,166,181,127,90,81,86,98,95,81,102,94,80,68,129,153,113,135
163,119,113,164,140,152,150,125,131,122,158,118,127,139,169,162,147,177,158,156,68,79,92,90,99,99,109,96,93,94,73,129,143,87,178
163,117,128,161,149,154,158,109,116,103,173,149,114,121,149,148,131,156,145,142,85,92,102,109,92,97,88,96,91,103,76,177,122,105,188
149,135,147,134,145,133,157,92,116,91,164,143,105,97,160,138,128,140,152,155,133,113,110,104,66,101,87,102,57,101,75,171,72,128,144
120,149,151,120,105,102,125,102,123,96,119,108,111,89,162,145,142,162,146,153,160,123,115,91,73,118,113,114,39,103,59,102,77,132,71
127,152,153,135,105,109,126,122,122,108,98,96,113,101,156,144,147,159,142,151,164,127,119,104,93,126,101,128,90,116,63,100,89,138,79
136,126,127,137,125,126,132,115,104,108,77,98,108,95,109,116,125,29,92,103,69,55,41,45,40,65,44,77,122,114,113,112,123,115,111
133,137,127,129,115,125,111,89,81,79,65,88,78,67,114,46,110,54,103,106,105,70,49,63,92,51,41,41,119,104,89,88,110,108,85
119,152,142,111,98,123,103,61,73,62,77,94,79,57,95,86,57,152,107,107,91,83,72,83,133,56,43,40,133,112,110,82,112,122,89
114,152,148,103,100,115,116,72,87,59,140,144,101,66,87,177,127,175,80,82,91,98,86,108,146,76,65,55,170,129,125,96,124,128,131
143,150,139,131,110,132,154,92,139,90,190,192,142,120,159,190,186,180,110,106,102,120,67,124,142,99,96,63,172,152,154,127,155,164,164
164,178,162,166,151,159,182,145,165,154,196,202,192,179,200,192,188,184,178,180,87,135,65,127,139,107,109,87,160,168,169,171,174,177,173
188,192,185,190,186,177,204,191,176,193,196,198,196,198,203,197,196,149,196,199,99,139,97,131,139,121,122,110,157,173,166,185,187,177,179
201,194,189,202,202,196,201,195,183,196,197,196,196,196,184,152,182,172,189,180,115,140,117,127,135,141,129,91,159,169,161,195,189,182,196
192,190,190,194,199,197,195,194,188,194,198,197,194,196,183,149,130,178,156,172,148,115,119,117,113,156,140,85,160,168,165,201,187,175,199
184,187,185,188,196,184,193,194,189,194,195,195,196,197,182,171,144,131,165,181,189,93,110,117,72,155,139,111,166,176,167,200,196,168,199
194,191,182,193,195,188,194,195,188,195,170,185,192,197,180,100,139,79,160,179,207,79,106,113,69,127,120,129,163,181,168,195,170,171,187
193,186,183,189,195,195,184,177,183,184,112,176,159,153,178,92,65,165,150,198,206,98,109,117,88,78,108,139,161,129,167,177,104,189,164
167,129,174,164,187,186,155,140,176,142,89,182,136,118,169,165,140,183,140,170,204,135,126,125,111,45,131,118,154,120,136,168,123,166,132
134,75,131,148,166,146,167,107,170,116,106,192,107,91,196,178,164,180,187,190,203,153,127,131,113,82,155,97,128,118,119,189,118,94,149
145,94,103,173,188,121,191,142,183,112,170,189,165,144,192,184,176,183,181,188,204,158,122,131,104,128,160,118,116,140,110,193,162,82,172
171,146,142,182,201,151,180,183,189,167,191,175,184,179,201,174,177,169,187,196,207,141,121,128,100,156,152,152,139,169,148,193,193,119,184
173,191,182,182,195,160,175,198,188,194,190,168,189,198,203,133,160,149,189,198,199,122,109,108,92,152,137,142,167,186,169,193,193,135,193
174,187,191,173,196,164,168,191,183,194,195,160,188,185,195,103,125,155,176,186,188,109,103,61,102,128,120,141,168,186,174,189,189,180,139
134,141,178,122,188,160,115,159,178,184,182,150,176,141,176,124,100,173,157,178,183,117,108,70,106,102,107,118,142,172,159,123,185,191,109
109,117,146,119,118,99,109,116,171,152,126,104,145,128,172,130,124,146,163,185,181,113,105,80,89,123,83,100,110,146,126,81,173,173,161
142,113,130,126,123,118,117,101,167,115,116,100,124,122,178,132,123,166,174,190,180,111,101,69,63,86,55,109,106,142,105,107,131,132,104
106,139,137,115,114,102,133,105,162,109,113,110,119,105,174,172,135,182,165,181,175,101,95,92,100,93,73,108,102,129,99,72,168,122,137
128,154,137,142,115,115,138,143,148,125,114,103,114,137,169,173,151,184,153,168,166,101,83,89,90,108,84,101,88,105,87,122,178,139,135
154,146,126,152,142,142,149,148,130,134,127,104,128,166,166,172,159,182,152,165,133,91,74,71,89,104,90,99,103,91,87,111,172,112,171
158,122,106,161,149,152,156,127,118,117,161,135,133,157,156,167,152,169,136,145,108,76,85,94,105,109,91,91,116,84,106,163,170,85,196
166,103,113,156,155,161,155,104,110,102,149,136,113,120,146,147,133,138,131,149,128,91,102,102,104,96,66,88,112,98,109,179,119,82,163
133,123,135,116,124,116,126,93,114,92,108,103,107,96,156,128,123,137,132,150,133,113,115,77,69,92,92,95,123,109,114,106,59,101,75
107,140,147,111,90,91,102,94,115,93,103,95,105,86,148,135,122,147,130,144,128,124,121,64,68,108,85,107,133,120,125,55,64,119,48
134,137,129,133,126,121,110,117,105,103,86,120,111,90,113,79,129,22,94,101,93,53,43,33,40,52,31,75,115,96,95,108,111,95,86
119,133,136,111,96,111,94,90,77,78,80,108,85,71,97,40,75,92,110,111,94,75,61,41,73,45,39,46,94,83,75,79,86,92,74
103,151,132,97,88,106,99,68,81,67,87,122,75,59,63,112,62,154,88,78,83,105,81,50,102,59,48,40,111,93,90,82,91,103,95
103,156,153,101,99,103,112,59,106,60,147,166,89,66,121,174,134,164,62,64,97,130,77,68,120,77,52,56,130,121,114,93,122,111,125
133,156,150,125,115,120,146,86,152,101,198,201,152,128,181,179,180,165,138,148,98,142,80,104,129,109,64,74,161,155,154,113,165,148,161
167,175,159,165,153,161,188,154,189,163,200,204,196,183,195,176,177,179,180,184,107,148,108,130,130,130,73,108,182,177,177,149,187,176,193
195,198,185,198,193,190,205,195,192,196,196,197,200,198,193,187,181,148,187,188,111,147,127,133,137,153,78,105,174,188,182,184,198,182,191
202,202,196,202,202,201,199,200,193,196,196,193,196,197,161,155,177,164,180,162,139,145,129,124,135,164,90,97,171,192,177,197,199,191,198
196,191,195,196,200,199,192,198,192,196,199,193,197,198,158,140,126,174,141,156,180,110,125,110,121,163,120,111,171,185,172,196,198,196,201
193,189,187,193,198,196,193,198,192,198,195,194,198,199,153,166,142,134,136,154,198,87,100,132,103,160,140,131,176,189,174,200,202,186,199
196,198,189,195,198,196,198,200,192,199,183,185,187,199,179,114,134,106,159,182,200,66,91,139,88,128,117,145,172,189,184,195,190,186,192
191,189,189,189,198,196,182,174,184,184,157,166,133,159,98,105,86,164,86,136,200,92,95,118,96,67,97,142,181,123,173,173,121,194,190
168,124,159,160,187,188,142,124,158,128,153,147,106,98,157,155,137,183,109,121,189,128,131,107,102,44,132,104,163,114,129,155,108,163,203
161,72,104,156,156,166,118,93,140,99,171,135,93,108,188,181,158,183,168,181,175,150,142,109,104,75,151,71,108,105,120,177,150,81,199
195,89,77,186,170,191,142,135,171,116,195,135,139,140,185,184,177,171,174,180,186,153,141,104,113,118,130,114,80,141,117,177,171,58,191
193,142,129,180,186,203,151,174,194,158,197,146,171,180,187,148,171,150,177,181,196,140,135,104,118,152,107,153,128,176,153,168,187,96,188
186,189,170,177,180,197,149,199,186,192,193,146,194,197,187,114,131,168,171,175,195,121,113,73,100,139,109,160,166,193,179,159,186,131,186
184,167,196,171,183,198,142,188,180,197,188,131,185,169,173,141,104,188,146,156,189,118,100,71,61,118,106,149,176,191,184,165,172,184,133
147,131,176,120,169,193,88,143,176,178,167,136,154,146,150,177,146,137,119,139,179,118,108,82,80,121,106,113,167,178,178,102,181,195,136
106,153,135,112,113,125,113,130,168,134,115,96,125,148,140,85,146,80,128,156,175,96,111,86,89,128,62,99,139,161,155,95,176,167,154
123,116,122,119,142,127,119,120,161,124,89,82,136,137,153,86,87,171,152,172,180,111,105,85,61,90,67,112,116,159,126,97,104,126,125
122,107,143,138,128,121,138,107,155,104,96,92,114,121,163,170,167,186,148,161,178,111,95,89,97,90,79,116,115,168,119,82,121,122,150
143,162,147,148,140,134,138,149,149,103,97,89,107,131,156,170,165,181,149,159,175,108,92,95,95,116,86,102,110,145,108,111,160,136,140
152,162,134,153,151,151,148,171,129,140,106,103,150,166,152,165,158,184,159,168,164,112,80,69,76,98,79,93,97,126,92,109,178,150,167
160,160,124,161,163,161,170,161,115,141,137,122,162,178,152,170,161,173,147,150,141,99,69,88,95,101,81,96,112,96,72,154,189,126,198
162,121,103,154,165,164,166,119,108,114,134,129,141,162,128,153,143,140,125,129,134,79,85,89,105,122,68,86,130,60,84,182,162,105,174
134,101,106,114,138,130,122,99,112,102,102,104,116,110,130,123,123,115,133,131,129,85,103,80,89,95,86,87,133,76,102,115,76,61,90
95,116,130,95,83,79,88,89,113,94,94,92,110,92,135,139,137,131,141,137,115,108,108,60,65,87,78,91,132,94,120,49,54,75,47
123,134,128,122,120,116,97,114,113,104,108,108,107,93,117,67,122,36,104,108,103,52,49,38,32,43,36,48,95,90,87,123,108,88,79
99,137,132,90,88,97,89,89,81,89,95,104,91,79,64,51,67,115,115,105,90,96,68,43,41,36,42,33,82,69,78,82,72,93,69
98,145,145,93,86,100,105,74,84,79,107,125,79,75,58,125,70,148,67,42,83,132,79,51,55,43,54,43,98,76,83,91,74,96,89
103,140,141,105,102,104,118,65,103,74,160,174,94,77,149,166,138,152,65,81,101,151,98,49,81,78,63,62,115,113,104,110,116,95,112
127,150,145,125,118,120,152,91,156,109,202,204,158,132,180,166,169,149,151,161,106,159,119,66,113,125,66,87,154,162,145,134,164,128,153
166,173,162,164,164,159,188,160,199,177,203,203,198,195,181,162,168,169,174,169,108,153,132,107,129,161,71,105,181,185,181,127,181,175,189
198,201,190,197,194,194,204,199,196,201,197,193,199,202,187,176,168,158,174,176,128,152,134,134,130,179,79,114,183,195,191,172,189,185,202
200,206,204,200,202,202,199,199,193,197,194,191,198,199,158,162,175,161,180,158,170,148,137,130,132,167,72,126,187,199,195,194,201,180,202
193,191,197,192,201,201,190,199,190,198,195,191,199,199,135,140,131,171,132,138,188,113,113,113,115,166,83,137,177,196,189,199,202,186,202
192,185,187,189,198,199,192,200,190,199,190,192,198,200,152,154,129,150,128,153,181,75,90,99,125,159,119,146,169,199,186,201,202,190,199
196,196,196,196,198,200,200,201,192,199,179,183,186,199,147,132,132,146,149,161,179,79,74,105,141,130,124,160,177,198,193,197,197,194,191
190,190,196,188,200,199,176,181,177,186,173,156,122,178,64,138,115,172,86,100,163,99,90,111,124,75,99,129,190,137,171,169,164,197,180
162,129,146,149,181,189,120,110,150,119,181,116,92,107,138,170,138,192,117,123,157,122,129,110,122,56,90,87,145,99,115,119,111,170,180
131,92,88,113,135,157,97,101,110,89,185,104,89,106,170,197,176,193,154,169,157,144,144,103,128,79,93,56,88,139,119,100,135,85,171
144,98,72,130,139,164,123,136,165,125,175,114,117,141,178,191,196,164,170,175,182,140,152,102,128,133,122,108,91,158,114,126,163,66,174
153,148,119,146,177,184,156,174,189,158,161,149,172,181,177,164,167,172,174,175,181,127,140,104,128,140,119,142,131,183,158,158,161,103,171
148,178,174,145,180,179,148,198,183,195,153,156,196,190,167,149,137,189,152,147,185,126,120,72,112,123,106,160,161,194,188,153,159,133,172
156,158,191,139,172,181,139,174,185,192,147,138,171,180,139,178,149,163,117,120,184,126,105,89,69,117,111,150,183,186,193,154,111,191,134
107,144,150,89,152,170,96,147,177,154,137,123,133,182,110,147,183,87,109,130,176,116,110,95,67,112,105,119,178,175,190,108,133,188,154
101,160,121,114,120,113,120,146,159,141,90,101,150,135,109,97,126,91,143,160,165,81,111,89,92,118,75,100,151,173,168,115,181,138,168
120,141,122,119,165,151,120,135,133,140,94,87,143,120,133,120,65,159,136,147,161,109,108,91,81,103,81,113,126,138,147,115,112,143,123
127,99,103,138,134,128,120,121,120,121,97,89,118,116,132,150,143,172,156,165,161,107,97,96,91,66,80,100,140,166,150,84,109,140,145
139,158,146,142,145,140,137,137,121,109,94,86,112,114,141,147,152,164,165,170,158,99,92,92,101,122,73,92,126,177,135,104,152,123,154
147,163,155,152,159,153,153,171,118,150,102,108,150,139,157,143,143,174,165,174,148,107,93,73,72,99,77,91,92,158,121,112,164,176,179
168,168,145,176,173,172,167,178,125,168,122,120,164,171,164,162,153,162,157,165,139,121,80,98,87,83,80,97,71,147,103,157,196,165,197
172,162,119,156,180,178,164,151,118,151,129,121,162,169,149,144,140,124,136,135,125,98,68,87,93,115,75,98,79,86,62,181,178,158,172
128,109,96,105,141,135,121,99,115,109,104,100,126,120,126,103,108,95,125,125,132,72,88,74,82,103,88,84,106,55,64,110,97,104,91
84,99,110,81,77,75,80,93,116,99,90,87,110,90,130,97,108,114,144,147,141,83,97,59,60,81,87,85,120,66,85,56,50,58,51
112,132,137,116,105,110,103,118,106,107,108,84,110,106,99,65,121,55,109,114,101,68,44,48,35,38,36,33,95,89,101,140,100,108,74
84,122,127,92,89,83,105,99,90,101,103,81,100,98,42,66,61,129,108,82,81,120,69,52,40,38,53,31,97,71,73,88,73,94,72
96,121,131,97,98,100,108,87,79,90,127,124,89,87,81,136,80,149,49,37,92,152,105,58,46,47,59,40,98,78,72,109,80,87,98
108,122,126,106,103,110,116,81,97,87,173,174,99,90,155,168,144,153,80,105,110,161,131,45,52,84,63,52,104,110,99,155,106,94,100
129,144,132,127,115,125,145,97,164,119,202,192,160,142,173,169,173,146,153,157,104,157,140,47,77,147,77,77,140,153,150,152,149,124,136
167,162,156,167,157,167,183,164,201,189,201,194,203,201,168,162,170,158,170,158,112,155,144,71,117,178,80,112,177,179,185,127,185,154,181
195,190,187,194,192,195,200,204,198,204,193,187,199,203,179,168,166,175,166,163,157,152,142,121,132,172,79,141,193,181,197,166,182,176,199
199,204,206,199,201,202,196,200,192,199,188,184,195,199,157,173,168,179,174,161,180,147,139,132,131,162,71,146,198,196,202,188,196,185,202
193,190,197,190,202,202,186,200,191,199,190,184,194,200,122,168,155,191,137,129,179,123,101,106,114,163,55,152,197,201,199,198,204,177,202
190,183,185,186,199,199,190,200,194,199,189,187,195,201,156,176,152,181,121,151,160,84,80,84,114,157,83,164,185,202,197,201,203,177,201
197,193,192,197,198,200,196,200,187,200,177,181,187,199,135,170,147,180,144,145,159,90,60,87,119,130,113,160,191,199,201,195,199,194,190
191,191,194,186,202,201,168,192,147,192,157,150,129,189,88,184,151,183,108,114,150,106,82,107,107,97,94,113,192,169,173,162,187,196,149
149,149,139,129,173,188,105,126,123,132,135,96,93,148,140,190,180,189,118,131,135,125,121,128,95,76,76,68,127,104,103,92,183,174,128
103,111,92,95,113,137,93,98,98,93,117,93,91,129,162,193,194,161,152,170,156,125,141,124,96,103,71,47,72,125,122,76,171,114,154
103,119,90,112,126,130,109,136,146,129,120,108,111,155,176,194,196,89,175,181,177,116,149,113,95,129,111,96,68,160,142,106,171,67,178
143,166,121,147,168,174,150,176,166,163,135,154,182,183,176,159,190,168,165,157,176,113,136,101,96,121,146,128,123,180,164,164,172,85,186
140,170,179,143,183,178,162,193,182,193,134,176,197,187,146,126,134,180,129,126,177,102,121,97,72,124,127,155,156,183,194,185,186,148,182
139,166,175,133,176,170,131,184,182,184,122,164,179,191,113,162,144,123,117,139,175,107,106,101,66,126,111,145,193,163,196,160,151,187,156
99,122,132,94,154,154,117,184,167,169,124,132,173,195,114,125,162,118,152,175,159,111,117,100,81,93,96,118,183,170,190,124,104,173,171
105,127,153,120,152,122,133,132,138,152,90,120,151,164,142,131,99,128,147,106,144,87,94,81,89,80,94,103,153,179,172,148,177,140,181
121,146,150,116,175,170,122,125,121,130,77,120,135,93,94,155,103,140,92,101,149,99,97,74,84,103,91,121,125,122,162,138,133,172,124
109,115,83,114,129,125,108,112,118,133,82,99,122,113,148,132,137,133,167,171,147,118,105,100,88,75,84,75,149,118,163,74,114,164,132
123,147,140,137,160,151,142,115,101,114,84,88,117,116,174,109,123,149,162,162,137,91,101,88,101,103,68,95,154,167,168,109,156,109,173
147,157,164,152,177,166,150,147,128,137,107,110,131,131,168,120,118,161,156,163,129,94,101,83,71,105,84,103,106,176,146,133,155,153,186
160,162,164,165,176,172,159,174,152,168,121,121,149,167,169,149,147,142,159,166,123,114,100,100,92,70,86,96,93,180,137,160,197,164,186
164,171,149,152,185,183,158,154,139,171,120,116,163,157,163,129,130,106,140,139,106,103,80,95,86,94,79,105,71,140,96,154,184,181,154
127,128,103,101,145,139,114,97,116,134,99,94,126,112,132,93,91,80,113,110,113,72,62,79,73,90,90,96,64,63,55,91,110,156,79
78,88,97,74,69,68,77,90,112,93,85,86,97,86,114,76,78,82,117,123,128,72,81,55,55,76,87,77,87,56,63,63,50,73,69
105,120,128,114,109,101,116,118,96,85,88,69,111,93,83,62,115,67,112,119,88,54,57,42,42,33,49,38,127,94,110,141,101,130,82
94,106,113,113,102,78,124,98,94,87,89,72,99,95,40,79,65,132,102,74,79,92,100,55,45,44,53,33,104,73,77,111,76,94,95
103,109,107,116,116,97,128,93,81,87,127,130,87,90,98,138,92,147,43,45,108,126,124,60,54,51,66,43,88,90,78,140,90,81,133
108,106,109,119,119,105,133,87,104,99,171,174,104,109,155,170,146,151,91,121,103,140,140,48,47,64,58,57,90,109,101,170,112,100,106
127,128,127,127,132,119,139,105,168,142,192,182,159,161,162,170,175,146,156,157,90,144,152,38,52,102,60,90,124,140,142,142,134,112,131
163,156,153,157,156,163,173,168,200,195,193,186,200,200,158,165,171,152,164,156,136,143,149,52,80,127,83,128,171,186,176,129,186,142,178
190,181,174,189,188,194,193,203,196,202,185,180,197,202,168,167,168,163,158,154,172,147,146,100,121,139,76,142,184,186,182,160,201,172,199
198,194,199,195,200,202,191,200,191,200,185,177,193,201,163,167,166,165,170,165,180,144,141,130,132,142,66,160,189,190,196,179,199,190,203
189,188,194,185,203,204,181,200,193,199,185,179,192,200,120,154,153,181,147,147,165,129,95,98,119,143,45,166,197,202,201,191,204,197,202
185,180,185,182,199,198,183,201,194,200,185,183,194,200,141,170,148,181,124,155,134,113,66,71,90,146,56,167,193,202,202,197,203,195,202
195,190,191,191,198,200,186,201,178,200,174,179,184,198,138,196,183,172,131,145,143,110,69,75,84,127,91,156,198,199,203,197,200,195,185
188,189,192,177,203,203,160,194,120,192,142,147,150,189,117,184,198,177,124,142,156,115,89,97,95,110,83,103,193,183,185,158,193,193,116
133,163,147,112,168,186,96,163,97,162,102,92,114,180,135,177,188,176,140,159,74,114,108,130,105,147,64,56,124,158,114,76,201,174,118
92,143,108,88,94,113,89,134,81,125,96,96,109,185,170,184,189,143,168,189,134,110,137,145,97,155,65,67,64,132,121,81,200,137,146
96,175,100,104,114,112,119,155,120,139,110,110,140,198,187,179,190,131,192,193,163,112,142,137,90,147,95,89,94,153,156,116,194,114,168
132,185,145,141,148,162,150,184,154,172,151,138,190,201,162,139,186,139,161,164,173,114,127,121,95,155,146,124,123,158,174,146,193,119,193
151,181,174,160,186,180,183,190,186,187,160,180,196,199,130,111,135,156,134,135,176,93,113,115,68,157,156,150,168,157,196,192,194,163,198
136,178,164,130,190,177,158,192,177,187,145,177,194,195,126,96,129,118,143,180,157,70,117,119,80,148,137,132,196,133,196,184,159,166,183
111,137,141,117,170,157,141,195,149,188,119,161,196,196,168,117,123,143,171,134,134,100,117,111,88,114,110,108,175,102,180,148,124,166,186
118,109,146,129,177,160,146,156,126,167,112,130,139,172,146,117,97,127,93,65,114,96,80,77,82,71,114,121,140,174,179,164,170,139,187
123,125,160,113,172,167,108,93,130,103,104,112,115,92,56,155,127,124,62,104,121,104,93,78,77,80,112,121,137,128,166,141,136,112,148
97,129,108,105,121,119,91,114,111,122,90,94,113,98,129,114,123,115,144,142,129,118,106,97,89,87,78,67,153,107,140,88,124,160,157
124,147,137,140,164,154,153,118,99,109,82,88,108,111,170,93,93,139,147,131,124,94,98,90,89,80,71,106,148,149,179,126,154,98,184
143,150,166,146,181,172,148,138,134,116,107,108,107,120,161,110,101,147,138,143,126,86,96,90,74,108,94,107,139,164,172,151,156,134,179
151,165,164,158,177,169,158,168,154,154,118,115,136,162,163,137,135,126,148,151,134,105,106,100,95,67,87,92,133,194,162,143,195,133,164
157,167,171,143,186,181,152,136,156,169,111,105,146,151,162,116,116,93,132,123,123,93,106,100,91,84,86,102,110,171,141,118,185,182,133
118,123,130,93,143,139,100,92,124,139,90,87,107,109,136,82,83,73,102,90,109,71,67,75,79,75,97,111,63,85,69,76,118,171,71
78,79,87,78,75,74,76,88,104,87,88,91,89,85,106,73,74,69,81,82,111,68,61,53,55,74,85,79,67,51,56,71,52,95,106
115,111,121,136,120,99,121,92,107,67,69,60,87,72,74,61,111,72,121,112,84,43,79,39,41,36,60,43,150,106,116,145,115,150,97
120,104,106,131,112,95,129,72,93,72,73,76,89,77,46,79,68,128,93,60,85,56,123,42,54,45,64,44,106,80,83,139,83,116,118
121,98,98,131,125,113,141,81,82,78,130,137,83,84,114,134,93,143,48,54,114,70,138,58,56,55,85,45,81,88,86,162,90,87,150
129,93,92,140,134,117,136,85,103,110,169,175,117,120,159,168,145,151,105,129,83,93,144,46,50,55,74,66,96,114,100,147,113,94,110
129,114,107,127,139,129,137,124,158,162,178,180,167,173,165,174,176,153,158,159,74,121,145,34,41,73,48,109,122,129,124,132,126,111,134
150,149,140,146,155,157,162,178,195,193,181,180,194,195,158,172,176,162,165,158,145,134,145,37,53,81,57,139,150,173,176,118,168,124,179
183,176,170,180,183,190,185,197,193,199,177,174,192,200,160,173,174,172,160,155,172,136,144,76,93,89,76,157,175,201,183,142,199,148,199
193,190,189,188,198,201,185,201,192,201,176,169,189,201,165,171,169,167,163,162,177,140,139,121,127,114,68,164,177,200,184,168,204,173,202
184,186,189,180,203,205,177,200,193,199,177,173,188,199,146,161,155,161,161,163,172,123,103,99,112,136,44,160,173,202,201,182,203,191,200
179,184,179,175,198,197,177,198,193,197,180,176,187,197,154,158,147,152,151,162,114,125,73,74,81,139,41,163,185,202,202,192,202,197,202
187,188,188,181,197,199,181,198,176,197,174,176,177,197,142,168,164,145,165,190,130,149,84,57,76,121,79,151,199,200,202,195,198,197,183
180,185,188,168,200,204,163,191,111,190,133,152,163,190,147,160,177,148,158,192,146,138,95,100,90,101,72,105,191,191,191,156,186,191,108
118,162,161,103,169,183,113,182,90,179,85,110,154,178,170,150,163,155,175,187,92,131,116,129,118,138,53,65,142,196,149,82,171,177,119
79,144,127,80,99,96,76,185,100,178,97,79,175,175,192,152,168,124,189,189,135,137,130,147,125,140,78,63,75,200,109,71,155,157,144
108,176,138,107,97,108,99,198,109,190,111,92,196,170,198,154,174,102,195,191,149,139,123,145,114,126,100,91,79,189,141,104,160,183,160
129,185,168,141,143,150,143,201,160,199,145,129,200,167,182,127,155,119,191,144,160,141,110,130,101,118,130,138,118,181,172,138,162,196,188
168,184,169,179,181,182,184,198,188,198,174,169,197,168,137,91,109,145,123,105,165,126,114,113,95,119,163,142,181,183,184,190,163,187,198
164,178,165,158,196,193,174,195,164,197,170,175,194,167,161,93,77,101,137,162,139,79,121,117,98,108,154,119,191,172,175,191,135,176,192
139,144,127,137,174,171,137,196,130,198,153,163,187,170,178,109,84,127,160,102,111,75,111,114,93,92,119,116,159,94,163,165,137,177,179
137,104,112,139,164,171,133,168,142,187,127,141,145,141,99,106,92,111,67,113,101,101,88,88,77,68,95,137,147,151,185,133,175,163,172
120,113,153,87,161,163,92,87,134,107,113,111,90,91,109,143,120,118,111,148,103,102,84,91,64,72,110,123,172,140,169,119,133,81,168
73,129,117,99,115,116,117,99,112,97,95,91,87,106,132,107,115,108,133,118,115,114,111,99,86,90,77,82,146,123,103,134,110,117,182
135,133,139,148,180,170,158,110,103,113,84,95,79,94,151,88,86,130,116,87,127,94,91,96,83,82,81,94,124,153,154,146,146,96,175
142,140,160,143,176,170,149,129,130,119,105,110,94,115,136,103,96,134,119,129,139,82,83,96,84,93,93,115,174,153,171,131,165,142,161
147,166,156,158,177,169,155,159,144,153,110,109,119,149,146,124,124,115,142,143,146,99,102,100,94,73,89,83,164,197,183,117,190,109,150
150,159,173,130,181,178,125,133,153,160,100,99,125,147,151,108,106,90,119,110,139,85,102,94,93,86,92,96,139,179,176,100,177,172,111
103,111,149,83,121,121,83,89,126,123,86,88,100,110,120,83,79,73,84,78,107,70,80,61,77,85,93,110,85,98,109,72,106,173,78
78,74,90,82,93,96,81,82,92,84,89,91,87,80,88,77,75,64,71,70,99,69,54,59,54,78,74,83,60,49,53,80,57,102,129
137,103,120,133,124,120,130,77,90,62,58,58,73,64,60,80,117,79,116,109,84,47,50,49,40,45,62,57,161,120,138,158,128,176,113
131,88,100,132,126,112,140,61,84,59,72,90,74,62,56,87,82,122,77,60,89,54,92,38,45,50,77,48,123,99,104,158,101,138,133
134,92,83,138,137,128,133,65,75,72,132,151,87,73,122,125,96,141,54,63,123,60,126,52,58,60,95,55,88,111,97,158,117,110,135
141,97,85,135,139,134,134,83,101,121,169,177,130,128,161,163,138,148,110,123,80,62,135,61,51,59,85,45,94,121,116,126,125,117,111
126,112,98,128,148,138,136,137,147,173,175,181,170,177,165,170,171,152,159,154,77,82,137,41,36,69,50,91,119,124,117,124,117,136,127
140,147,137,139,154,154,153,182,184,189,176,179,186,189,160,170,174,167,164,159,146,117,139,31,37,77,38,140,145,164,159,103,161,140,172
172,181,169,168,176,185,176,193,186,196,170,172,188,198,158,176,175,173,161,159,164,133,139,58,66,64,61,154,174,194,197,117,192,133,193
185,189,186,182,195,199,179,198,185,198,168,163,186,199,166,169,172,156,159,167,167,136,134,102,118,73,65,154,191,203,195,147,203,162,199
178,183,184,174,198,202,175,197,184,196,171,170,180,197,158,151,155,147,160,164,170,122,116,97,111,108,49,154,194,202,201,167,202,188,196
173,179,180,171,197,195,176,195,186,195,174,172,180,195,163,139,141,132,149,159,117,113,94,88,74,138,33,157,190,202,203,181,202,190,199
178,183,184,175,197,197,175,196,175,195,171,175,174,195,194,132,146,141,165,172,115,110,97,57,63,127,60,147,195,198,202,194,199,191,184
175,185,183,167,195,199,165,193,117,191,135,161,160,187,193,143,155,145,194,169,137,106,107,104,85,97,75,110,186,186,193,161,166,192,124
118,158,163,117,177,179,129,178,94,177,94,125,160,160,191,150,151,151,190,166,100,102,117,133,115,78,53,78,150,182,183,96,121,173,126
79,113,147,79,130,103,87,167,88,173,78,88,168,124,192,156,149,132,189,179,124,101,111,148,139,84,45,77,107,177,170,79,140,143,112
75,106,185,86,92,80,99,158,110,175,103,82,174,131,192,155,149,71,187,178,147,106,106,146,137,102,104,113,91,181,158,95,163,154,152
122,129,190,134,149,139,142,157,175,178,130,123,168,147,175,138,152,130,183,133,160,105,111,134,123,95,127,140,143,186,165,138,177,168,188
163,130,182,176,181,174,178,160,193,181,167,159,167,157,89,68,112,142,117,106,147,95,86,123,110,91,163,127,176,190,162,188,181,184,197
181,143,178,171,200,198,173,163,175,184,170,165,170,145,147,116,92,99,119,103,117,69,87,109,113,97,158,129,167,178,158,191,166,185,196
151,106,135,134,189,182,149,168,173,187,158,154,164,148,157,114,117,98,134,106,117,80,104,107,106,73,130,114,143,122,108,168,167,186,184
135,98,104,127,160,155,127,135,138,178,137,133,123,119,90,82,84,105,77,116,125,92,88,102,79,73,91,100,154,152,156,132,178,167,170
118,111,127,95,150,152,135,87,124,104,112,117,84,96,146,123,112,113,137,145,62,98,87,98,73,81,91,117,175,136,170,117,148,95,170
105,109,129,136,143,132,156,95,120,97,97,112,93,97,131,97,108,119,122,111,88,102,111,94,92,71,91,86,143,142,100,136,113,101,169
151,118,145,149,182,178,151,92,105,104,103,121,90,90,116,107,94,126,86,76,147,84,96,90,88,79,83,70,104,151,140,119,159,85,153
140,135,152,146,175,168,140,124,111,107,114,116,96,123,106,112,100,130,109,122,143,86,75,89,88,85,87,113,148,153,150,107,172,124,148
143,151,156,141,178,172,123,144,130,147,106,105,112,147,139,124,119,118,135,133,145,98,97,85,95,80,88,81,165,195,184,109,176,106,141
123,151,171,100,149,146,91,127,151,155,97,97,119,139,140,113,107,96,109,106,143,91,92,61,95,89,91,81,170,181,192,82,153,162,86
84,108,144,78,97,103,80,84,117,119,87,87,99,100,105,91,84,80,78,78,114,72,73,55,66,90,74,96,112,101,143,80,82,174,101
84,73,88,84,126,121,87,75,86,80,83,86,82,79,76,80,81,56,75,85,86,70,57,78,56,81,71,78,54,54,57,86,79,102,134
132,98,121,133,130,125,150,76,68,55,50,60,66,59,59,93,123,78,116,118,86,51,44,68,48,59,63,63,172,128,138,154,132,164,129
135,83,95,148,145,120,135,55,72,49,77,110,66,50,65,100,98,116,77,79,95,59,55,45,37,63,84,55,155,124,125,158,120,151,136
139,86,82,133,135,136,127,54,70,76,138,163,82,74,119,122,105,138,66,82,117,63,68,47,51,63,84,62,117,144,125,148,141,139,123
131,95,84,124,136,139,128,84,104,137,170,177,134,140,158,161,135,148,109,118,63,58,96,58,52,56,85,61,114,140,135,119,139,145,104
128,114,100,131,141,146,137,148,151,176,174,175,168,178,165,170,172,148,153,150,91,57,117,45,33,76,63,78,126,120,126,110,114,168,109
135,147,136,138,160,152,147,179,179,183,175,177,180,185,164,168,172,164,163,152,152,75,121,33,27,77,40,94,126,161,152,110,155,154,152
157,177,173,155,176,175,162,188,181,192,168,169,181,192,162,174,174,161,163,156,159,115,127,40,46,64,45,120,149,192,188,105,190,133,179
176,187,185,170,188,193,174,194,180,194,160,163,176,193,166,164,171,132,166,172,158,132,127,91,99,50,71,137,180,201,202,124,202,159,189
170,183,181,168,194,195,171,193,180,193,165,169,175,191,155,133,148,129,163,168,168,123,112,97,108,66,61,138,194,202,202,148,201,180,191
170,175,175,169,196,193,168,192,183,193,168,171,177,191,155,114,126,127,151,154,142,95,116,92,84,115,33,145,198,202,202,170,201,189,195
173,183,177,168,194,195,157,193,171,193,171,169,173,191,175,110,108,126,157,149,116,74,136,79,55,128,48,140,194,198,201,186,199,188,185
169,186,181,160,188,194,154,189,136,187,149,158,156,185,178,124,115,144,170,136,112,93,125,104,77,94,76,114,185,170,192,169,139,191,146
134,150,158,130,179,181,134,165,111,163,112,128,134,137,174,144,143,156,159,147,124,103,112,132,119,60,66,109,159,125,190,112,113,166,126
94,93,125,95,149,132,105,116,117,124,77,103,109,94,184,160,156,148,170,153,140,99,110,141,138,65,60,135,165,138,203,80,144,117,121
78,82,138,94,113,96,105,120,138,129,84,79,107,129,185,152,162,128,183,157,161,88,110,138,142,111,107,140,180,156,199,97,163,83,156
122,115,162,138,161,148,156,144,188,144,120,119,118,157,157,128,146,116,160,119,168,90,109,127,130,133,129,127,177,166,187,150,180,99,191
156,122,173,173,189,176,179,155,196,152,156,151,124,179,124,98,110,138,111,85,134,72,88,115,116,112,162,126,165,166,177,184,195,129,195
175,121,175,168,199,198,170,144,191,150,159,152,125,173,94,110,85,129,81,126,123,78,62,110,107,96,152,128,165,145,181,185,195,148,191
156,95,140,143,191,191,146,139,192,157,147,143,133,138,122,130,135,76,105,102,137,89,87,104,109,91,126,111,148,132,112,158,189,150,177
135,100,103,125,173,168,130,112,124,137,127,123,99,130,96,75,93,66,87,97,127,73,94,102,92,89,101,58,82,166,120,121,185,135,160
135,106,114,143,167,157,132,97,110,90,114,113,78,121,142,71,79,112,141,135,71,79,96,99,88,81,80,93,146,127,167,112,159,100,159
151,91,126,152,171,163,130,91,106,102,115,119,78,92,121,109,102,137,118,113,89,89,93,89,92,63,91,95,134,133,115,113,150,116,152
152,111,131,138,171,169,122,94,94,89,120,118,78,95,103,128,117,135,83,90,137,83,95,78,92,88,94,74,109,144,147,105,171,79,143
132,124,139,125,167,161,113,132,94,108,110,107,100,132,99,125,117,137,107,122,129,93,68,72,91,87,89,98,115,165,142,103,164,100,138
117,135,156,100,153,144,97,139,119,143,99,99,113,141,134,126,125,133,126,129,132,101,88,59,89,86,82,78,141,195,178,94,154,110,112
88,138,165,78,103,98,79,110,128,145,89,91,113,117,130,120,116,113,105,109,132,88,79,53,68,97,74,73,179,176,196,73,123,158,84
81,97,126,84,110,117,85,79,97,116,82,84,92,87,96,102,97,91,79,88,103,66,68,77,53,89,68,78,128,95,153,84,74,166,122
87,75,78,92,133,129,91,73,80,76,84,87,81,82,72,103,98,91,93,103,81,73,61,87,66,79,76,76,58,67,62,85,109,90,137
133,118,125,120,118,131,125,79,63,58,56,76,59,56,75,106,126,72,120,119,89,47,44,73,64,60,58,63,159,134,134,144,133,151,133
145,120,128,125,123,142,126,48,62,49,90,104,56,47,81,102,109,105,93,93,107,58,54,52,42,69,69,64,162,139,140,155,132,161,137
130,111,108,122,127,139,128,50,75,89,150,167,83,84,118,122,112,133,81,86,106,61,53,51,43,84,89,61,147,147,146,139,142,159,114
121,116,105,119,131,136,118,95,118,148,172,176,141,146,152,155,134,144,110,113,59,61,59,45,57,47,85,56,144,132,153,125,126,148,101
128,120,110,120,140,140,133,157,160,177,176,176,165,177,160,166,168,145,149,145,105,49,84,37,45,66,77,73,161,122,123,107,117,155,110
135,134,131,135,163,155,145,178,177,181,174,175,174,183,160,165,172,159,160,152,156,48,109,33,27,68,56,84,136,159,151,117,143,136,119
146,168,167,144,175,171,154,185,178,188,163,170,175,189,168,168,169,133,159,152,163,76,116,29,34,61,43,74,136,190,186,105,183,128,161
161,185,182,156,181,184,161,188,176,187,156,164,170,188,172,155,167,113,168,167,159,120,121,66,77,43,64,91,169,199,200,108,196,158,173
167,178,180,161,189,190,154,185,175,186,163,160,171,187,157,99,133,154,164,144,164,118,106,101,95,47,64,117,190,199,201,134,196,174,181
167,168,170,156,187,191,145,187,177,188,165,161,173,188,151,130,101,130,147,137,163,84,104,90,87,81,37,130,189,200,201,153,198,180,183
161,180,175,144,182,191,131,188,166,190,165,155,171,189,161,123,125,99,145,138,148,68,107,94,70,117,41,128,192,195,200,159,197,191,183
151,183,182,139,173,184,127,185,151,185,152,146,151,185,155,96,95,145,139,116,145,89,110,102,83,94,81,102,184,135,188,160,134,186,159
139,137,151,130,172,180,123,151,142,137,120,129,107,121,149,138,126,157,148,131,148,111,115,123,120,51,83,114,154,107,163,128,116,157,139
108,78,97,109,156,150,118,86,163,93,98,102,81,84,157,155,147,157,150,158,167,133,123,127,138,63,74,159,159,139,153,97,118,85,125
85,86,82,106,139,113,131,121,190,128,75,99,95,121,166,163,162,154,155,160,181,126,129,118,142,101,106,154,186,155,167,99,136,67,160
125,113,112,150,175,153,163,145,196,154,113,119,124,145,136,143,139,128,152,138,186,109,130,111,130,149,130,148,198,182,183,151,176,93,188
163,140,121,172,194,188,171,177,192,171,145,141,144,183,93,103,106,130,102,99,175,100,117,102,119,147,146,151,191,190,190,175,194,117,191
169,134,134,161,195,194,159,177,195,162,142,139,131,190,89,107,100,144,99,138,102,102,73,98,107,114,140,142,186,164,196,172,193,172,183
147,112,101,137,186,185,137,136,190,140,133,133,113,165,117,128,130,118,121,134,139,94,61,101,100,97,114,127,171,163,143,145,187,158,168
128,111,95,124,169,165,125,123,139,127,118,122,105,125,96,89,118,58,69,66,110,69,87,97,96,107,99,85,86,169,128,117,179,113,153
127,92,110,123,166,160,115,116,84,107,110,114,90,118,148,63,50,128,128,69,102,89,87,89,96,85,94,70,114,121,154,110,165,117,147
126,70,107,116,163,159,112,87,88,98,113,114,78,96,120,130,122,146,112,119,110,90,89,84,89,70,91,89,125,122,130,107,170,120,142
115,118,111,111,152,146,110,103,80,91,111,111,77,100,104,135,132,139,96,127,119,91,82,80,79,92,90,76,99,160,149,104,160,84,137
110,115,134,101,151,139,101,128,86,122,103,103,101,129,105,131,127,140,113,137,105,98,66,65,72,90,87,95,109,175,140,95,143,112,120
94,127,147,80,117,102,83,113,109,145,91,93,111,122,127,129,126,137,128,139,128,93,85,54,61,93,83,75,113,181,177,77,139,124,89
77,122,152,81,92,104,81,91,117,136,85,88,102,101,124,117,117,114,113,120,125,72,82,73,51,88,71,80,170,144,195,77,92,145,116
86,86,116,93,127,138,91,75,97,98,88,87,83,86,101,102,104,97,89,105,85,71,71,92,70,81,76,83,130,81,150,83,96,131,137
95,88,75,98,141,143,100,85,76,70,89,93,77,76,82,102,107,107,97,109,81,86,62,97,87,84,85,87,63,100,68,86,131,78,139
118,135,124,121,121,118,122,93,57,66,78,82,61,68,85,120,119,81,115,95,81,56,43,70,71,63,64,68,142,137,133,146,137,144,133
122,144,140,119,119,124,118,54,59,56,77,89,46,51,95,110,118,92,103,111,117,44,53,55,54,66,56,56,160,137,136,146,136,152,134
120,137,137,121,123,126,122,54,79,112,145,150,88,101,113,123,117,130,93,94,91,60,54,51,42,78,90,63,160,125,136,125,130,154,113
120,132,131,119,128,131,109,106,126,156,170,172,146,151,148,149,135,140,110,106,65,61,45,41,47,56,88,53,153,106,131,114,104,132,97
114,122,122,100,128,138,119,158,161,175,184,182,166,174,159,157,159,146,142,139,108,45,48,33,47,42,80,67,164,110,119,110,104,131,108
131,123,120,124,160,160,136,175,175,180,173,175,172,181,157,158,163,154,158,149,156,35,71,32,32,63,65,78,137,144,146,108,113,114,104
139,154,155,136,169,173,142,182,177,184,161,160,174,184,162,165,164,120,158,156,166,45,107,28,26,66,56,61,137,182,184,92,165,109,135
146,177,178,141,174,177,142,183,173,179,156,146,165,179,168,142,164,126,163,160,164,95,116,37,57,45,54,57,168,191,197,103,180,145,159
152,170,172,138,175,182,135,177,168,180,153,143,165,177,152,94,113,165,163,118,164,117,106,81,92,33,50,81,185,193,198,138,188,164,168
146,158,163,129,171,180,127,182,170,184,154,142,168,182,138,151,108,117,131,142,167,87,76,92,82,56,42,119,188,197,200,142,189,164,167
134,169,174,121,166,176,121,184,163,186,147,135,167,184,128,109,130,82,128,162,162,58,54,97,84,105,36,130,191,191,198,142,191,187,166
124,169,179,114,161,165,118,183,149,182,137,125,147,180,125,84,78,146,113,121,168,75,78,106,87,100,73,102,178,119,168,136,143,188,152
125,119,135,114,159,164,120,142,149,117,121,120,87,121,147,139,128,163,118,107,187,112,85,112,115,48,92,85,135,114,110,130,120,150,142
112,69,80,114,155,150,126,85,155,86,96,108,75,97,154,158,142,155,154,158,193,135,82,109,130,58,89,80,93,112,130,120,114,70,140
113,64,77,130,168,145,138,98,166,123,99,112,98,97,153,165,159,166,160,162,197,141,85,102,131,106,104,106,101,143,148,117,128,60,156
139,108,107,151,189,178,153,135,169,144,117,128,115,141,146,165,163,151,150,161,193,128,91,95,121,141,124,118,137,180,163,142,175,83,180
158,143,125,159,192,190,150,173,174,181,132,132,158,175,84,131,134,126,112,132,161,106,84,93,109,157,123,130,160,195,168,155,192,111,180
155,162,120,146,187,187,133,187,175,187,128,128,163,189,119,97,97,126,115,118,74,105,59,96,100,131,113,141,167,185,161,146,191,174,170
133,128,96,125,177,177,120,166,168,153,123,123,139,178,141,96,99,137,145,142,134,100,62,99,97,94,106,124,154,174,129,127,182,176,153
119,115,99,117,163,157,118,117,128,126,115,118,112,141,87,107,113,126,78,138,106,91,65,94,95,97,93,85,101,169,158,114,167,121,140
115,98,101,111,156,148,114,97,83,127,111,113,99,102,126,110,91,128,50,112,117,93,61,87,90,93,94,72,119,143,142,110,157,129,137
110,106,78,109,154,145,110,91,87,97,108,110,87,100,101,117,116,135,112,142,122,93,76,81,82,83,92,78,101,161,116,108,153,124,136
108,123,101,100,150,137,99,118,82,94,102,103,83,126,123,122,125,139,125,145,106,87,70,69,74,85,87,77,92,171,137,101,137,103,123
97,115,119,84,127,112,84,120,90,128,94,97,100,127,125,127,128,144,131,141,105,75,76,58,64,85,91,82,106,162,148,85,131,132,102
81,112,132,83,96,109,82,109,107,130,91,90,101,115,136,123,125,136,138,138,130,66,90,75,52,77,82,77,115,147,183,86,111,133,119
84,90,137,92,123,137,91,86,110,105,96,91,91,99,133,111,110,111,122,119,122,72,81,90,68,77,79,89,159,100,192,89,100,119,138
94,85,104,96,144,142,100,77,90,74,84,95,78,73,112,99,93,107,105,102,92,89,64,95,87,84,87,94,120,95,137,89,130,89,140
97,92,79,99,148,142,103,87,74,73,57,95,83,84,95,91,85,106,109,91,77,97,63,100,94,89,90,88,76,132,79,90,134,79,139
121,121,118,125,121,114,126,104,52,77,71,71,79,70,99,107,100,80,106,53,63,68,36,55,64,60,66,78,134,134,133,137,133,133,131
118,129,121,127,121,115,123,64,50,54,57,65,48,57,92,108,115,82,115,86,111,43,49,59,59,54,50,59,144,131,130,133,136,143,120
121,138,135,124,121,125,130,53,79,108,100,116,98,107,114,125,122,123,95,96,94,43,55,48,44,68,64,63,143,109,113,131,122,144,104
121,125,124,125,128,130,103,120,133,160,148,148,150,158,144,147,140,138,111,84,76,58,46,41,44,69,84,55,129,92,100,110,97,123,98
94,114,110,87,100,123,89,160,158,173,161,155,168,176,156,153,157,146,138,127,106,44,33,33,36,40,84,55,132,97,102,101,97,126,99
112,116,111,97,133,154,124,179,169,183,162,146,174,184,156,156,158,149,155,148,146,29,37,33,30,44,64,68,114,111,123,95,94,109,87
128,135,139,124,162,163,134,181,171,178,146,134,167,177,159,163,164,118,156,158,163,32,70,29,27,66,63,62,127,158,172,76,127,92,109
130,155,163,127,163,166,134,171,165,170,134,133,153,168,165,134,159,147,164,152,163,68,105,34,32,46,53,46,166,174,187,111,158,112,159
129,154,160,125,164,166,130,164,165,170,132,131,157,168,123,108,104,168,156,129,165,105,99,75,79,30,44,49,173,182,190,133,171,143,163
123,148,151,120,164,162,125,170,167,176,130,122,162,175,128,158,124,130,105,155,168,89,67,93,81,43,40,86,184,189,196,133,178,151,162
117,153,162,115,162,159,118,174,161,181,123,114,164,179,142,120,138,64,147,168,165,72,47,99,84,87,38,123,190,181,195,124,184,167,156
113,155,162,111,159,153,115,180,143,175,115,111,144,181,93,62,52,141,101,138,157,80,68,101,91,95,60,103,169,124,138,120,153,182,150
112,116,112,114,159,152,121,142,119,116,112,114,94,137,131,138,119,161,106,92,149,115,95,98,105,64,91,63,105,119,104,125,132,137,146
114,81,70,119,164,152,126,102,87,94,109,118,70,108,159,155,142,156,147,160,161,133,111,92,115,72,97,43,61,121,115,127,117,75,151
122,73,62,123,170,162,126,83,95,97,113,123,83,80,164,162,156,156,160,161,184,142,103,89,108,110,108,76,85,143,135,135,129,74,163
134,106,104,130,177,177,125,127,112,141,122,126,113,129,148,157,159,151,159,160,187,130,87,89,99,141,113,102,106,180,170,134,174,89,165
138,134,140,128,174,176,118,165,123,176,121,123,147,169,115,139,143,137,132,150,149,113,72,90,91,157,110,95,157,193,192,126,186,113,155
127,161,147,114,164,167,108,180,135,187,115,117,165,178,110,114,117,122,114,126,103,96,76,88,88,131,98,87,151,190,173,115,182,169,140
113,140,117,109,154,152,107,167,139,173,110,113,150,166,143,90,88,128,142,114,107,96,78,86,92,105,93,85,120,172,159,112,167,181,133
110,114,110,109,153,144,108,134,107,131,108,112,124,144,118,107,97,139,134,140,118,97,60,81,89,84,97,79,117,154,169,114,153,144,132
108,120,90,105,150,139,104,101,83,103,106,109,97,118,51,120,117,139,94,149,133,93,69,76,82,89,99,75,133,164,139,111,142,110,128
105,131,67,95,144,130,95,129,77,96,102,105,89,132,106,120,116,134,139,143,124,80,77,69,78,93,94,61,99,171,112,102,134,111,119
94,117,110,85,124,115,84,126,75,112,95,98,103,134,142,119,113,133,142,140,117,69,78,60,71,86,92,75,90,152,153,96,129,145,115
84,99,110,90,108,125,88,107,95,128,89,92,107,113,141,118,117,139,137,143,119,64,78,75,55,79,85,83,112,141,168,96,111,131,126
90,84,122,95,131,139,98,89,108,115,82,97,96,99,140,117,113,127,134,133,143,73,68,89,66,77,83,88,126,114,178,97,98,109,133
93,83,122,92,141,134,97,67,100,91,64,102,88,79,138,108,104,111,121,70,137,86,59,94,85,84,88,92,144,97,161,93,112,92,130
93,87,88,92,140,133,96,64,79,74,60,96,87,78,119,111,105,118,104,27,113,94,61,94,88,87,88,84,102,131,104,95,113,81,127
96,90,82,92,137,130,96,83,58,84,82,65,73,81,107,112,111,111,90,23,54,97,69,98,92,89,94,80,82,136,108,95,109,86,130
125,119,121,127,128,120,139,116,83,114,99,65,105,87,113,92,91,85,74,38,56,70,41,34,40,60,54,84,126,124,129,130,125,126,123
131,122,113,139,136,123,133,96,44,73,63,45,63,54,101,102,107,71,105,53,104,58,34,48,58,50,54,66,141,125,123,126,129,140,120
127,125,119,129,128,121,126,55,80,60,54,72,71,74,109,118,117,100,105,89,109,38,49,44,48,68,48,54,138,101,101,124,122,140,101
126,113,110,124,126,127,119,80,139,132,82,91,145,143,138,142,138,132,104,84,83,44,44,40,41,80,70,62,120,82,83,113,89,129,90
93,113,106,112,107,99,101,144,168,159,97,98,162,162,151,151,151,143,135,99,93,50,29,39,31,61,79,43,122,92,89,98,88,108,88
87,121,111,96,109,119,106,161,172,171,106,101,175,173,154,155,157,143,152,137,131,36,26,32,27,41,66,59,97,89,89,93,93,101,68
115,126,122,104,144,154,125,167,163,168,110,105,161,167,164,156,161,130,157,154,159,26,34,31,26,55,64,61,99,123,136,84,92,100,88
122,138,142,124,163,158,133,158,156,162,111,106,145,161,159,140,153,154,167,151,161,44,81,33,23,59,50,46,140,152,165,93,132,92,136
121,141,144,123,162,157,128,156,158,168,108,99,149,166,108,137,121,160,146,138,166,86,99,68,48,34,39,37,159,160,174,112,151,114,148
118,142,141,116,158,155,118,164,163,171,100,92,154,170,147,147,135,156,110,163,175,81,71,88,79,31,38,51,170,173,185,100,153,138,137
113,145,146,110,153,153,113,168,159,176,92,87,160,172,136,150,150,97,159,167,143,81,54,88,85,71,36,100,187,173,185,79,158,147,116
109,140,146,108,152,148,114,173,137,173,88,85,148,169,69,84,75,141,85,170,144,84,71,72,94,89,54,101,164,137,123,80,149,166,126
111,124,100,110,157,151,116,150,89,130,87,87,106,142,130,150,132,162,93,136,95,111,97,70,97,79,96,56,85,122,114,99,130,138,142
115,97,79,113,158,154,117,110,63,100,92,99,84,106,155,159,154,157,149,161,116,124,115,85,95,75,106,40,61,115,122,112,130,87,142
117,74,74,115,163,157,119,77,86,78,110,120,68,86,162,160,154,157,157,163,164,127,123,88,90,107,107,79,71,147,135,114,134,75,142
115,107,104,108,161,156,110,110,108,136,116,121,109,121,163,157,155,158,162,161,170,117,112,85,85,128,102,112,104,180,171,114,162,99,143
108,136,134,101,149,144,103,159,133,171,112,116,141,161,138,155,153,152,150,168,139,102,95,81,83,137,98,130,162,189,191,112,172,122,134
102,147,158,98,143,133,101,159,127,175,109,113,148,157,107,134,132,144,118,159,99,94,85,78,84,118,97,110,175,184,186,109,167,168,128
99,130,130,97,141,128,100,148,108,165,106,110,137,149,113,114,108,145,108,141,116,92,82,75,86,98,93,82,132,166,169,109,149,178,132
99,112,108,95,140,127,97,123,97,141,105,110,117,126,134,119,109,147,135,152,119,90,79,72,81,94,94,86,126,152,163,101,133,141,141
96,110,107,89,132,119,92,118,89,111,104,108,107,120,100,124,121,149,138,160,78,83,80,66,74,91,94,85,137,153,150,77,125,110,99
89,103,116,84,117,114,86,124,78,129,100,102,111,128,129,125,123,150,136,158,104,73,75,66,67,87,90,73,113,143,160,69,118,115,65
88,94,119,86,118,125,90,106,78,136,99,98,111,116,142,128,122,147,139,149,137,59,57,78,57,86,87,84,110,132,168,69,92,132,71
93,85,110,84,137,128,96,72,95,118,76,97,99,96,143,128,125,142,137,133,139,59,37,87,64,82,86,87,128,117,156,71,60,108,72
93,85,105,78,135,118,92,46,95,99,62,92,89,68,143,123,120,125,132,86,145,67,27,91,81,86,86,75,124,109,139,73,60,90,80
90,84,89,74,127,114,88,60,78,77,81,73,79,58,132,113,109,102,85,30,133,81,23,93,87,89,90,46,113,129,112,70,71,88,89
92,83,78,72,120,109,87,94,51,67,92,53,59,59,119,90,90,117,27,24,70,91,40,94,88,89,93,43,89,135,118,71,84,91,90
92,82,79,67,112,106,83,95,59,70,87,68,57,83,120,64,79,115,22,26,27,101,67,94,88,89,99,58,87,134,136,80,85,92,80
128,120,121,127,129,129,130,116,116,118,120,108,120,116,92,91,90,65,46,36,46,46,48,25,30,69,38,84,122,123,127,128,123,121,124
138,113,118,131,126,134,122,118,83,112,111,75,108,92,96,99,107,77,78,45,77,63,32,32,38,45,54,81,134,111,117,131,123,128,119
127,116,119,119,115,127,119,101,64,64,91,86,63,47,90,104,104,83,101,66,105,43,33,36,47,47,45,49,137,93,90,121,113,121,110
123,111,108,115,132,130,126,52,121,64,87,92,84,80,130,135,133,119,85,95,102,42,39,34,39,80,48,62,118,77,74,107,86,115,95
118,101,102,114,129,118,114,75,160,110,87,98,136,128,147,152,151,140,124,100,81,43,30,38,34,74,67,49,111,78,78,93,81,91,94
100,105,104,94,114,111,87,121,175,145,78,91,153,150,154,159,160,149,148,111,93,37,20,33,28,48,70,46,98,64,63,89,74,89,79
89,120,112,85,110,121,102,145,155,153,74,81,150,154,163,161,164,139,157,132,142,29,21,26,28,48,56,63,92,91,92,90,63,89,97
111,122,124,104,143,149,115,147,143,153,77,78,144,150,149,148,155,138,161,145,158,27,48,27,25,53,51,49,100,142,141,96,99,89,120
117,128,130,103,148,151,111,145,148,154,70,70,146,147,119,141,139,160,141,139,169,61,80,28,44,38,39,29,137,145,148,84,145,113,123
113,127,131,104,149,145,113,146,154,159,65,64,147,149,155,154,145,165,131,146,162,75,69,40,76,27,39,34,148,144,164,64,145,131,95
109,121,134,105,147,141,110,151,154,161,60,57,148,151,144,156,152,156,159,164,122,76,62,42,85,48,38,75,170,148,170,55,133,131,68
107,111,132,102,147,141,109,147,132,155,53,52,142,143,69,141,128,143,116,157,159,89,70,30,83,88,62,100,151,134,129,49,127,135,70
106,112,112,98,143,140,102,135,80,127,45,45,114,132,133,145,134,160,114,157,95,99,98,30,75,84,101,66,83,129,118,55,128,134,86
100,99,93,84,133,129,87,99,56,96,37,50,92,97,159,165,164,161,161,162,131,102,110,46,76,88,103,59,79,126,116,75,131,104,100
96,100,72,82,133,127,86,92,83,91,74,104,77,101,161,163,159,160,160,169,166,96,116,69,77,100,88,94,99,149,139,74,141,85,95
102,119,105,100,141,140,103,125,104,138,110,119,108,135,161,166,163,162,160,175,166,89,108,70,77,108,90,112,111,170,172,69,149,102,88
102,129,133,106,141,140,108,144,139,158,111,115,133,147,149,172,170,172,158,175,163,82,94,75,76,102,98,132,156,177,188,103,142,127,128
100,127,146,103,139,140,105,136,150,153,110,113,127,140,127,157,156,167,140,162,128,85,82,64,73,95,96,125,173,166,186,109,132,150,155
100,112,130,107,138,146,107,128,132,145,115,111,121,132,101,137,132,160,114,153,104,88,79,64,72,89,94,97,145,147,169,109,125,159,159
91,104,110,79,121,101,90,111,104,123,102,109,108,119,110,132,127,159,129,153,126,77,78,65,69,92,90,82,119,137,153,98,137,129,175
76,96,116,65,110,94,79,109,84,121,101,106,106,115,133,134,129,159,147,147,130,53,68,64,63,92,88,87,123,135,160,45,121,110,97
76,84,118,63,111,95,78,101,86,129,102,102,108,112,132,134,130,156,144,131,140,28,46,69,55,86,87,86,129,123,162,41,61,116,53
76,70,103,60,112,92,74,86,97,114,101,86,102,95,132,133,129,150,138,104,149,29,30,71,59,78,89,81,124,99,139,40,59,112,64
72,65,85,57,104,89,68,67,98,88,94,61,85,61,135,95,94,136,140,72,149,36,44,70,66,69,90,68,110,82,122,39,69,89,75
69,62,64,55,97,88,63,62,83,53,64,52,72,51,138,49,47,91,105,64,133,37,57,74,67,68,92,77,98,96,105,39,81,56,84
68,59,58,53,93,87,60,86,80,47,52,65,71,72,121,32,30,51,31,38,66,68,77,81,69,76,95,87,81,100,108,43,86,51,88
68,58,56,50,91,88,57,93,86,70,56,94,85,99,73,22,22,54,24,26,23,88,94,83,75,80,97,89,79,98,117,39,88,55,90
61,56,52,51,91,91,57,94,90,99,58,106,98,110,53,21,23,53,25,26,27,103,112,90,80,81,99,89,79,89,114,37,90,52,91
127,122,121,125,127,128,130,115,118,117,118,120,119,117,68,78,84,46,39,34,38,55,62,37,54,82,36,83,122,125,125,120,123,119,124
132,127,123,130,131,125,122,116,118,117,117,111,120,118,99,101,105,78,54,39,35,40,47,22,26,70,44,84,123,121,125,127,123,120,124
121,126,130,122,112,112,104,116,97,105,112,99,111,88,85,106,110,89,98,47,58,48,31,24,32,38,45,77,118,99,109,133,115,116,114
109,123,128,100,110,122,99,98,69,78,99,96,71,60,107,119,119,99,95,76,92,44,33,27,35,55,38,60,105,81,82,116,91,97,113
106,98,103,84,108,123,89,67,113,59,99,98,63,61,139,144,144,124,101,97,98,37,35,29,34,69,49,60,82,73,69,99,80,81,102
91,73,85,74,92,105,72,58,149,74,95,90,99,86,154,154,157,141,134,105,96,29,26,27,34,51,63,38,85,65,60,97,69,81,95
77,88,76,68,99,103,80,78,144,105,78,69,123,110,158,161,164,147,153,112,111,29,20,23,27,47,52,47,77,93,84,86,65,71,102
92,107,97,78,112,119,88,100,132,119,57,49,125,120,146,162,165,140,159,130,133,27,24,21,26,37,48,49,96,126,120,76,96,82,103
87,110,112,73,102,108,75,109,137,125,47,42,126,123,142,151,150,146,145,137,149,33,50,27,26,31,46,28,123,120,119,65,127,113,84
82,107,112,62,110,113,79,112,143,127,43,38,128,121,159,161,161,165,148,140,137,62,56,32,36,29,36,24,129,99,113,56,112,110,68
91,104,108,75,121,119,85,108,149,125,36,35,126,114,166,155,148,166,165,134,150,76,61,30,49,31,40,51,139,94,122,41,78,95,52
87,99,103,68,113,109,74,101,128,123,33,34,120,111,115,159,153,160,155,130,173,78,69,29,42,73,45,84,141,109,121,34,64,92,41
81,98,104,64,109,100,71,98,86,117,28,31,111,111,138,157,153,156,120,131,130,72,80,27,34,91,70,72,102,122,124,39,74,100,47
67,100,96,63,91,85,65,95,69,99,37,41,94,113,169,167,167,160,160,119,132,72,86,28,43,96,68,63,79,132,122,49,93,110,66
67,103,98,82,106,105,83,100,71,117,73,97,106,120,163,173,172,166,166,125,171,72,82,44,58,97,40,95,96,140,144,59,99,110,82
87,106,113,91,153,156,102,114,107,137,82,121,118,125,160,179,179,175,168,116,171,73,75,82,63,93,47,112,125,141,164,77,94,115,115
108,105,125,110,170,172,115,116,132,137,110,115,119,119,164,170,171,174,175,102,170,71,66,93,70,89,90,122,147,143,175,69,107,119,130
105,99,128,118,166,178,117,114,138,131,123,118,113,112,152,149,149,162,163,98,172,55,62,47,64,85,90,114,162,137,170,90,130,121,140
122,97,113,128,178,171,137,106,128,125,125,116,109,108,126,141,138,156,139,99,137,42,59,25,39,86,81,97,136,137,152,120,148,120,158
98,79,103,74,106,96,86,93,110,114,106,101,106,105,126,138,137,152,144,99,122,29,49,23,30,85,81,89,113,119,142,85,166,113,151
59,62,97,57,85,88,57,88,98,112,100,103,103,97,139,136,135,148,152,96,144,24,38,21,23,70,84,86,120,91,141,44,121,99,90
59,58,86,58,88,89,58,84,103,105,101,103,100,87,142,123,113,144,151,92,143,24,36,24,24,39,76,81,124,83,125,44,77,86,83
58,58,72,59,87,91,57,84,101,91,99,96,99,82,144,81,68,130,136,88,129,37,40,23,25,21,72,69,103,80,106,43,86,67,89
57,57,58,57,88,90,56,86,93,72,98,65,84,83,144,41,26,72,99,96,99,77,39,21,21,23,68,59,71,86,94,42,90,45,92
55,55,54,56,88,89,55,87,61,61,100,75,55,73,129,31,22,31,43,85,49,101,47,26,25,24,71,58,44,91,91,41,91,40,93
54,54,53,54,87,88,54,83,49,85,94,89,65,74,63,24,26,36,24,43,29,105,74,55,36,27,84,75,40,91,92,40,91,39,93
52,52,51,52,86,86,52,83,54,102,91,83,69,81,22,25,26,36,26,28,30,123,113,84,63,45,93,108,44,91,90,48,90,38,92
54,51,50,50,85,84,50,87,52,103,95,75,62,83,23,25,25,34,26,28,29,137,123,94,80,67,100,116,38,90,86,60,89,45,90
124,122,121,123,125,127,123,115,117,117,118,119,119,116,55,70,71,42,37,35,34,76,67,66,68,80,62,83,121,124,125,120,123,119,124
128,128,125,122,125,131,122,115,117,116,117,117,118,115,87,96,103,65,48,39,37,59,67,52,55,82,33,83,120,125,125,118,123,119,125
124,131,129,122,119,117,110,114,117,113,117,107,119,112,101,104,109,89,80,41,43,48,56,28,31,66,38,83,121,122,127,117,123,121,126
105,124,127,117,102,98,87,113,92,98,107,98,109,96,101,106,110,91,103,51,58,42,44,20,23,34,34,81,104,100,117,110,116,104,120
81,104,99,93,81,86,69,98,59,93,95,94,89,88,119,120,120,101,106,70,68,35,37,20,24,46,38,67,82,84,105,95,99,83,98
73,91,87,84,78,80,63,90,85,75,91,88,62,72,141,140,140,124,114,92,94,34,26,21,30,54,45,44,81,75,93,69,85,86,91
65,71,69,76,83,80,65,72,119,68,75,75,65,66,152,148,149,137,130,98,107,31,22,19,25,45,46,41,64,66,65,72,78,72,90
66,81,68,67,84,84,67,66,128,70,57,58,72,73,151,153,156,141,142,113,111,31,19,19,21,38,39,47,78,65,60,63,75,63,66
68,93,83,63,84,77,63,65,133,75,45,48,75,74,141,155,156,141,146,137,129,27,21,21,22,29,50,38,90,62,57,55,68,65,54
51,92,84,52,65,59,49,67,136,77,40,40,78,77,166,154,152,144,140,151,133,29,26,26,27,30,37,23,84,50,51,50,61,54,51
51,92,86,47,84,74,57,64,141,73,34,34,72,74,166,153,149,147,150,160,145,42,35,29,30,31,31,30,79,43,47,37,48,49,39
56,88,85,51,80,67,57,56,133,70,30,32,64,67,156,152,150,149,146,147,145,41,37,28,27,57,27,66,79,42,55,34,37,42,36
49,83,83,49,79,72,55,44,98,70,29,27,63,59,146,157,154,151,150,136,127,32,31,28,26,78,24,75,90,63,87,29,32,41,35
65,73,80,87,116,126,89,43,80,82,57,59,66,52,166,163,161,153,155,109,107,33,31,34,24,70,28,81,99,86,106,70,40,60,62
96,75,84,104,147,153,106,79,76,104,99,78,92,77,170,163,165,157,166,96,118,40,31,51,29,53,31,86,107,98,122,77,76,76,117
97,80,95,106,146,148,98,112,112,118,108,92,103,106,173,155,157,155,174,103,149,55,37,83,59,63,33,94,119,124,142,99,94,77,141
98,86,93,111,174,170,114,127,122,118,111,123,112,125,177,146,141,148,167,81,158,36,43,56,81,73,55,91,123,131,143,101,145,72,161
115,98,96,128,181,176,137,130,117,116,110,128,113,132,169,134,128,141,145,80,157,25,41,16,44,81,82,86,131,146,147,102,150,70,151
123,107,105,106,175,137,134,102,113,103,106,124,111,121,149,125,130,141,135,88,147,27,36,17,14,60,83,79,120,162,142,86,143,96,140
83,73,91,64,103,93,73,86,102,96,102,104,100,87,145,128,86,136,136,93,133,28,38,17,14,27,47,75,95,113,113,50,127,94,106
60,59,63,61,90,93,59,88,100,91,100,103,101,84,148,67,59,135,129,98,117,32,41,21,17,18,28,68,81,86,100,45,95,51,94
61,60,59,60,92,93,60,89,100,87,100,102,100,84,144,46,51,107,103,100,95,39,46,28,26,21,20,65,65,92,95,45,92,41,95
60,59,56,59,92,93,59,90,97,87,98,102,99,84,129,43,63,40,76,106,68,44,47,25,24,21,21,65,47,94,94,45,94,42,95
59,58,57,58,91,91,58,91,97,89,97,90,99,84,98,64,48,42,70,100,41,50,46,28,23,42,20,61,39,95,95,43,94,43,96
57,56,56,57,90,90,57,100,97,82,96,57,87,92,65,60,26,42,46,72,34,79,43,36,41,71,23,56,40,95,95,42,93,42,95
55,55,54,55,89,88,55,105,85,76,101,54,67,95,39,28,26,46,29,37,31,113,39,43,73,80,40,49,39,93,94,40,92,41,94
53,53,52,53,87,86,53,101,81,77,93,58,68,91,25,26,27,69,27,28,32,131,78,79,74,105,66,84,39,91,93,37,91,40,92
51,50,50,51,85,89,51,101,88,80,86,61,73,92,26,26,27,48,27,28,33,135,123,99,93,125,74,116,44,91,92,37,89,37,91
122,122,120,122,125,125,122,114,117,116,117,119,117,115,46,49,54,42,35,35,34,75,66,67,66,80,82,82,120,125,125,120,123,119,124
122,128,122,123,125,124,122,115,117,116,117,119,118,115,67,88,96,53,39,35,35,77,67,69,68,80,50,82,120,125,125,120,123,119,124
122,130,125,122,125,125,123,115,116,116,118,116,118,115,97,105,109,74,58,36,37,76,68,62,67,82,29,81,120,125,125,118,123,118,123
121,116,121,121,124,118,117,116,114,101,117,99,115,105,105,112,116,87,91,40,50,68,69,39,52,64,30,83,119,123,126,112,124,116,118
108,89,101,120,112,104,97,104,95,88,96,91,100,89,106,117,119,99,105,49,45,46,67,23,27,30,28,84,114,110,127,92,119,104,98
102,81,87,117,101,105,80,87,62,88,84,81,94,92,116,128,127,109,111,59,55,36,60,17,18,39,33,71,111,102,127,68,95,92,70
97,66,87,113,94,99,71,84,57,71,73,58,78,83,131,141,139,128,119,65,71,28,52,18,18,41,33,55,93,83,118,60,79,78,71
85,68,88,104,84,89,64,67,61,57,52,46,66,64,138,141,138,140,135,64,75,23,43,18,18,37,37,44,71,61,107,50,71,60,60
75,64,73,96,83,87,61,52,74,56,42,39,57,56,138,137,133,140,139,78,78,23,35,18,18,34,37,31,56,52,88,44,50,51,49
72,50,61,91,71,78,56,48,84,51,37,40,52,54,135,132,129,133,142,97,96,29,32,20,23,30,31,26,46,46,75,46,43,46,46
64,53,61,86,65,73,54,41,79,47,43,34,48,47,139,132,130,128,126,100,112,34,27,23,27,28,25,24,48,49,86,42,41,40,43
64,57,71,81,62,72,52,35,68,38,48,32,41,41,143,136,132,133,127,100,116,32,29,29,28,22,31,28,58,62,97,42,40,47,39
60,53,67,85,76,101,65,45,65,39,65,38,33,30,148,135,131,137,112,92,89,30,33,28,26,27,36,36,77,83,106,54,59,63,46
88,66,73,91,141,125,97,82,84,80,99,92,57,52,153,135,131,130,101,111,79,31,40,31,28,32,33,42,73,104,101,86,83,80,69
84,73,66,86,167,143,102,105,107,115,105,103,101,100,159,125,111,130,114,122,69,35,44,41,37,30,32,35,66,109,109,75,110,56,112
103,87,71,111,160,157,122,103,108,131,107,111,109,130,161,113,110,131,93,135,66,30,47,37,59,28,34,39,86,145,134,79,105,67,113
114,92,86,116,167,151,132,96,105,136,105,119,110,135,152,126,99,112,86,137,78,39,46,21,45,46,39,51,86,144,131,89,121,83,128
109,95,89,90,169,120,121,93,105,131,103,122,111,133,136,105,112,136,88,124,83,41,46,24,18,56,82,72,90,132,124,67,124,82,119
81,83,92,64,123,95,76,92,103,98,102,110,107,108,124,124,82,119,93,119,95,41,47,27,24,24,68,73,76,113,112,49,106,78,100
63,63,71,63,93,94,62,94,101,92,101,103,102,87,119,93,39,128,92,117,98,42,48,24,24,19,16,69,47,97,97,48,95,58,96
63,61,59,63,94,94,62,94,99,93,100,102,100,88,97,27,63,142,86,114,84,44,50,26,23,21,14,70,43,97,98,48,95,46,98
62,60,60,62,93,93,61,94,98,94,98,101,100,89,87,48,83,78,85,109,66,49,53,28,26,27,21,69,43,97,98,46,96,46,97
61,60,59,61,93,93,60,94,97,94,97,100,98,90,80,73,87,24,96,97,47,49,54,27,24,37,25,66,44,97,97,45,95,46,96
60,59,58,60,92,91,59,94,96,93,96,100,96,90,76,91,52,39,88,74,39,47,53,38,30,49,27,61,42,96,96,44,94,44,95
58,57,57,58,90,90,57,94,95,100,95,102,98,93,83,66,30,50,52,45,37,42,52,69,40,60,38,56,42,95,95,42,93,43,94
56,55,55,56,89,88,55,102,98,105,96,95,99,105,51,31,27,75,30,30,39,60,50,111,84,91,33,50,41,93,94,40,92,42,93
54,53,53,54,87,86,54,98,87,103,96,96,91,102,29,26,27,89,28,28,38,125,56,123,118,121,51,64,39,92,92,39,91,40,92
52,51,51,53,85,85,52,98,79,102,89,99,91,101,27,27,28,43,27,29,38,137,110,130,125,129,86,109,36,90,91,37,89,39,91
123,122,120,122,125,125,123,113,116,115,116,118,116,114,42,44,45,39,35,32,33,75,66,66,65,79,83,82,120,124,125,120,123,119,124
123,123,120,122,125,125,122,114,116,115,116,118,117,115,51,62,68,41,41,33,33,75,67,67,66,80,82,82,120,125,125,120,123,119,124
123,125,119,122,125,125,121,114,116,115,116,120,118,115,73,90,98,55,47,34,38,75,67,68,67,79,65,82,120,125,126,119,123,118,124
121,119,119,121,125,124,120,114,115,114,118,110,119,114,91,105,110,77,62,33,44,77,67,68,69,81,35,83,120,125,125,119,123,118,124
120,102,117,118,124,124,118,114,109,100,115,85,108,90,107,113,113,90,86,37,36,78,68,62,64,72,25,84,120,126,126,119,122,118,122
118,97,114,116,123,124,115,103,99,84,102,84,97,88,115,119,124,95,99,45,39,73,70,53,49,56,26,85,121,127,126,110,123,120,113
117,104,114,114,121,122,110,89,74,67,91,70,79,73,132,137,140,116,109,50,44,64,70,38,31,30,25,84,120,126,127,86,122,118,96
114,98,112,111,117,119,104,67,60,53,83,54,61,57,140,151,153,139,132,47,45,44,70,24,18,28,28,80,118,121,127,57,119,111,62
109,88,106,108,112,117,96,58,49,53,75,41,51,45,149,161,170,142,144,43,45,35,69,20,16,31,31,66,110,116,126,54,110,104,45
106,86,102,105,111,116,95,76,46,55,87,40,56,40,147,164,156,153,163,47,45,26,66,20,18,24,25,54,100,113,125,64,97,97,43
103,87,100,102,108,115,94,89,57,44,103,40,55,33,133,148,139,156,159,54,47,26,59,21,20,21,22,44,102,116,125,78,101,95,55
101,90,98,101,103,114,93,88,68,63,111,38,52,29,128,137,115,142,136,62,59,29,60,26,24,29,24,36,109,118,122,95,109,104,74
101,91,96,99,114,115,96,105,89,96,113,70,80,51,103,104,88,132,119,63,60,34,61,26,26,32,32,29,108,111,116,104,115,107,91
99,92,96,97,121,114,97,108,108,109,110,91,108,93,88,96,93,98,93,64,50,42,61,32,27,30,35,33,98,107,111,101,112,104,100
91,75,89,97,128,123,101,102,107,107,107,105,109,113,105,91,82,99,98,60,51,45,59,35,32,29,33,48,87,106,106,95,104,91,99
98,81,82,94,158,119,116,100,105,103,106,111,107,106,77,73,80,89,95,69,43,47,57,28,28,32,34,62,84,105,100,83,103,85,102
92,84,81,77,140,100,95,99,104,100,104,107,104,96,73,91,81,75,77,101,42,53,55,28,22,32,47,74,73,101,99,68,98,80,98
75,73,76,69,105,95,69,98,103,99,103,104,103,92,75,105,69,99,82,132,43,52,54,37,32,24,57,76,59,98,98,58,95,68,97
67,65,66,67,92,96,64,98,102,98,101,103,102,93,88,77,72,111,84,144,42,51,55,34,31,27,21,75,50,97,98,54,96,55,98
66,64,63,65,95,95,64,98,100,98,100,102,101,95,97,48,89,117,89,142,44,52,56,33,29,32,18,74,48,98,99,50,96,50,97
65,63,62,64,94,94,63,97,99,98,100,102,99,95,96,77,90,80,95,123,45,53,58,32,30,43,22,73,47,97,98,48,96,48,97
63,62,61,63,94,93,62,96,97,97,98,100,99,95,96,91,92,28,101,103,44,54,58,32,28,43,25,70,45,96,98,46,95,47,96
62,60,60,62,93,93,62,95,96,96,96,99,97,94,94,97,88,58,94,68,45,58,57,38,35,56,26,66,45,96,97,45,95,46,96
61,59,59,61,92,92,60,95,94,95,96,97,96,94,101,99,59,79,72,42,44,59,56,37,37,53,35,61,44,96,96,44,94,44,95
59,57,58,59,91,90,58,93,93,96,94,100,94,93,92,65,31,95,38,34,42,57,55,39,35,47,76,56,42,94,95,43,93,43,94
57,56,55,58,89,89,57,98,95,106,92,103,99,99,54,31,28,105,28,32,41,55,53,57,32,43,104,51,41,93,95,41,92,41,93
55,54,54,56,87,87,55,103,91,100,99,90,95,100,31,28,28,81,28,31,39,104,50,93,42,96,123,53,40,92,93,39,91,41,92
53,52,52,55,86,85,54,99,88,98,96,87,86,99,29,28,27,35,28,30,38,138,85,119,90,123,134,103,38,90,91,38,88,39,92
