[[25  1  0  0  0  1  1  0 15  0  0  0  0  2  0  4  0  1  0  0  0  0  0  0
   0  0  0]
 [ 0 23  0  0  0  1  0  3  0  2  0  0  0  9  0  0  0  0  0  0  0  0  0  0
   0  0  0]
 [ 0  0  9  0  2  0  1  0  0  0  0  0  0  0  0  3  0  0  1  0  2 19  0  2
   0  2  0]
 [ 0  0  0 24  0  0  0  0  0  0  1  0  0  0  8  0 18  0  0  0  0  0  2  0
   0  0  0]
 [ 0  0  0  0 31  0  1  0  0  0  0  0  0  0  0  0  0  0  0  0  0  0  0  0
   0  1  0]
 [ 0  0  3  0  3  0  0  0  0  0  0  1  0  0  0  2  0  0  3  0  0  6  1  8
   3  1  0]
 [ 0  0  0  0  0  0 18  0  0  0  0  0  0  0  0  0  0  0  1  0  0  0 10  0
   0  3  0]
 [ 1  2  0  0  0  0  0 24  0  0  0  0  0  2  0  0  0  0  0  1  0  0  0  0
   0  0  0]
 [ 1  0  1  2  0  0  1  0 19  0  0  0  0  0  0  0  0  1  0  7  0  0  0  0
   0  0  0]
 [ 0  1  1  0  0  3  2  0  0 12  6  0  0  0  0  0  0 17  0  0  0  0  0  0
   0  0  0]
 [ 0  0  0  0  0 15  0  0  0 16 28  0  0  1  0  0  0  2  0  1  0  0  0  0
   0  0  0]
 [ 0  0  1  1  0  0  1  0  0  0  0 16  1  0  0  1  4  0  0  0  1  0  0  0
   0  0  0]
 [ 0  0  0  0  0  0  1  0  0  0  0 10 19  0  0  1  0  2  0  0  0  0  0  0
   0  0  0]
 [ 1  0  0  0  0 10  0  2  1  3  1  0  0 20  0  0  0  1  0  3  0  0  0  0
   0  0  0]
 [ 0  0  0  9  0  0  0  0  0  0  0  0  0  0 20  0  5  0  0  0  0  0  3  0
   3  4  0]
 [ 0  1  0  1  0  0  1  0  0  0  0  0  0  0  0 21  0  0  0  0  0  0  0  0
   0  0  0]
 [ 1  0  1  0  0  2  0  1  2  1  0  0  0  0  3  0  7  0  0 16  0  0  0  0
   0  0  0]
 [ 5  0  0  0  2  3  1  0  1  4  2 12 12  0  0  4  4 11  0  0  0  0  0  0
   0  0  0]
 [ 0  0  0  0  0  0  0  0  0  0  0  0  1  0  0  0  0  0 17  0  2  0  7  0
   0  0  0]
 [ 0  0  1  0  0  1  0  9  1  1  0  0  1  2  0  0  0  0  0 11  0  0  0  0
   0  0  0]
 [ 0  3 15  0  0  0  0  0  0  0  0  0  2  0  1  0  1  3  0  0 27  0  1  0
   0  0  0]
 [ 0  1  4  0  1  0  1  0  0  0  0  0  0  0  0  1  0  0  9  0  2 14  4  0
   0  2  0]
 [ 0  5  3  0  0  2  0  0  0  0  1  0  3  0  0  0  0  1  8  0  5  0  6  1
   0  0  0]
 [ 5  2  0  0  0  1  0  0  0  0  0  0  0  3  0  2  0  0  0  0  0  0  0 27
   1  0  0]
 [ 0  0  0  1  0  0  0  0  0  0  0  0  0  0  0  0  0  0  0  0  0  0  5  1
  32  0  0]
 [ 0  0  0  1  0  0 10  0  0  0  0  0  0  0  7  0  0  0  0  0  0  0  0  0
   0 26  0]
 [ 0  0  0  0  0  0  0  0  0  0  0  0  0  0  0  0  0  0  0  0  0  0  0  0
   0  0  0]]